# OpenSignals Text File Format. Version 1
# {"84:BA:20:5E:FF:7F": {"position": 0, "device": "bitalino_rev", "device name": "84:BA:20:5E:FF:7F", "device connection": "BTH84:BA:20:5E:FF:7F", "sampling rate": 100, "resolution": [4, 1, 1, 1, 1, 10], "firmware version": 1282, "comments": "", "keywords": "", "mode": 0, "sync interval": 2, "date": "2024-3-6", "time": "19:2:40.159", "channels": [1], "sensor": ["EMGBITREV"], "label": ["A1"], "column": ["nSeq", "I1", "I2", "O1", "O2", "A1"], "special": [{}], "digital IO": [0, 0, 1, 1]}}
# EndOfHeader
0	0	0	0	0	412
1	0	0	0	0	615
2	0	0	0	0	413
3	0	0	0	0	623
4	0	0	0	0	417
5	0	0	0	0	611
6	0	0	0	0	419
7	0	0	0	0	612
8	0	0	0	0	419
9	0	0	0	0	614
10	0	0	0	0	417
11	0	0	0	0	608
12	0	0	0	0	419
13	0	0	0	0	621
14	0	0	0	0	427
15	0	0	0	0	608
0	0	0	0	0	431
1	0	0	0	0	609
2	0	0	0	0	421
3	0	0	0	0	624
4	0	0	0	0	415
5	0	0	0	0	616
6	0	0	0	0	422
7	0	0	0	0	611
8	0	0	0	0	412
9	0	0	0	0	604
10	0	0	0	0	421
11	0	0	0	0	605
12	0	0	0	0	427
13	0	0	0	0	620
14	0	0	0	0	423
15	0	0	0	0	610
0	0	0	0	0	431
1	0	0	0	0	608
2	0	0	0	0	426
3	0	0	0	0	605
4	0	0	0	0	431
5	0	0	0	0	607
6	0	0	0	0	429
7	0	0	0	0	611
8	0	0	0	0	428
9	0	0	0	0	604
10	0	0	0	0	435
11	0	0	0	0	603
12	0	0	0	0	427
13	0	0	0	0	612
14	0	0	0	0	427
15	0	0	0	0	596
0	0	0	0	0	436
1	0	0	0	0	608
2	0	0	0	0	426
3	0	0	0	0	599
4	0	0	0	0	437
5	0	0	0	0	603
6	0	0	0	0	434
7	0	0	0	0	607
8	0	0	0	0	439
9	0	0	0	0	595
10	0	0	0	0	428
11	0	0	0	0	605
12	0	0	0	0	434
13	0	0	0	0	600
14	0	0	0	0	445
15	0	0	0	0	586
0	0	0	0	0	439
1	0	0	0	0	596
2	0	0	0	0	439
3	0	0	0	0	595
4	0	0	0	0	448
5	0	0	0	0	598
6	0	0	0	0	439
7	0	0	0	0	593
8	0	0	0	0	448
9	0	0	0	0	590
10	0	0	0	0	444
11	0	0	0	0	594
12	0	0	0	0	448
13	0	0	0	0	585
14	0	0	0	0	454
15	0	0	0	0	590
0	0	0	0	0	455
1	0	0	0	0	589
2	0	0	0	0	451
3	0	0	0	0	576
4	0	0	0	0	456
5	0	0	0	0	593
6	0	0	0	0	458
7	0	0	0	0	583
8	0	0	0	0	456
9	0	0	0	0	582
10	0	0	0	0	458
11	0	0	0	0	589
12	0	0	0	0	454
13	0	0	0	0	573
14	0	0	0	0	459
15	0	0	0	0	589
0	0	0	0	0	460
1	0	0	0	0	582
2	0	0	0	0	455
3	0	0	0	0	579
4	0	0	0	0	464
5	0	0	0	0	585
6	0	0	0	0	454
7	0	0	0	0	575
8	0	0	0	0	465
9	0	0	0	0	580
10	0	0	0	0	460
11	0	0	0	0	574
12	0	0	0	0	471
13	0	0	0	0	570
14	0	0	0	0	466
15	0	0	0	0	587
0	0	0	0	0	455
1	0	0	0	0	575
2	0	0	0	0	463
3	0	0	0	0	575
4	0	0	0	0	469
5	0	0	0	0	573
6	0	0	0	0	474
7	0	0	0	0	563
8	0	0	0	0	478
9	0	0	0	0	585
10	0	0	0	0	461
11	0	0	0	0	581
12	0	0	0	0	473
13	0	0	0	0	568
14	0	0	0	0	466
15	0	0	0	0	570
0	0	0	0	0	482
1	0	0	0	0	557
2	0	0	0	0	484
3	0	0	0	0	573
4	0	0	0	0	484
5	0	0	0	0	569
6	0	0	0	0	487
7	0	0	0	0	558
8	0	0	0	0	476
9	0	0	0	0	568
10	0	0	0	0	487
11	0	0	0	0	557
12	0	0	0	0	490
13	0	0	0	0	560
14	0	0	0	0	501
15	0	0	0	0	544
0	0	0	0	0	517
1	0	0	0	0	531
2	0	0	0	0	521
3	0	0	0	0	533
4	0	0	0	0	521
5	0	0	0	0	531
6	0	0	0	0	524
7	0	0	0	0	532
8	0	0	0	0	516
9	0	0	0	0	530
10	0	0	0	0	531
11	0	0	0	0	531
12	0	0	0	0	524
13	0	0	0	0	530
14	0	0	0	0	522
15	0	0	0	0	529
0	0	0	0	0	527
1	0	0	0	0	523
2	0	0	0	0	532
3	0	0	0	0	526
4	0	0	0	0	519
5	0	0	0	0	530
6	0	0	0	0	521
7	0	0	0	0	533
8	0	0	0	0	516
9	0	0	0	0	530
10	0	0	0	0	514
11	0	0	0	0	541
12	0	0	0	0	512
13	0	0	0	0	535
14	0	0	0	0	511
15	0	0	0	0	542
0	0	0	0	0	505
1	0	0	0	0	552
2	0	0	0	0	512
3	0	0	0	0	544
4	0	0	0	0	510
5	0	0	0	0	538
6	0	0	0	0	517
7	0	0	0	0	545
8	0	0	0	0	504
9	0	0	0	0	542
10	0	0	0	0	505
11	0	0	0	0	545
12	0	0	0	0	508
13	0	0	0	0	549
14	0	0	0	0	492
15	0	0	0	0	607
0	0	0	0	0	434
1	0	0	0	0	587
2	0	0	0	0	435
3	0	0	0	0	602
4	0	0	0	0	441
5	0	0	0	0	595
6	0	0	0	0	435
7	0	0	0	0	619
8	0	0	0	0	429
9	0	0	0	0	604
10	0	0	0	0	435
11	0	0	0	0	621
12	0	0	0	0	428
13	0	0	0	0	622
14	0	0	0	0	432
15	0	0	0	0	608
0	0	0	0	0	439
1	0	0	0	0	616
2	0	0	0	0	425
3	0	0	0	0	604
4	0	0	0	0	428
5	0	0	0	0	616
6	0	0	0	0	419
7	0	0	0	0	622
8	0	0	0	0	428
9	0	0	0	0	608
10	0	0	0	0	425
11	0	0	0	0	628
12	0	0	0	0	413
13	0	0	0	0	635
14	0	0	0	0	420
15	0	0	0	0	613
0	0	0	0	0	410
1	0	0	0	0	628
2	0	0	0	0	413
3	0	0	0	0	623
4	0	0	0	0	409
5	0	0	0	0	643
6	0	0	0	0	396
7	0	0	0	0	646
8	0	0	0	0	397
9	0	0	0	0	636
10	0	0	0	0	402
11	0	0	0	0	651
12	0	0	0	0	395
13	0	0	0	0	638
14	0	0	0	0	396
15	0	0	0	0	654
0	0	0	0	0	381
1	0	0	0	0	671
2	0	0	0	0	385
3	0	0	0	0	639
4	0	0	0	0	378
5	0	0	0	0	664
6	0	0	0	0	373
7	0	0	0	0	672
8	0	0	0	0	377
9	0	0	0	0	660
10	0	0	0	0	373
11	0	0	0	0	667
12	0	0	0	0	376
13	0	0	0	0	650
14	0	0	0	0	368
15	0	0	0	0	675
0	0	0	0	0	364
1	0	0	0	0	680
2	0	0	0	0	363
3	0	0	0	0	656
4	0	0	0	0	366
5	0	0	0	0	680
6	0	0	0	0	363
7	0	0	0	0	685
8	0	0	0	0	360
9	0	0	0	0	679
10	0	0	0	0	355
11	0	0	0	0	679
12	0	0	0	0	358
13	0	0	0	0	667
14	0	0	0	0	354
15	0	0	0	0	689
0	0	0	0	0	348
1	0	0	0	0	689
2	0	0	0	0	356
3	0	0	0	0	684
4	0	0	0	0	347
5	0	0	0	0	693
6	0	0	0	0	355
7	0	0	0	0	670
8	0	0	0	0	351
9	0	0	0	0	692
10	0	0	0	0	340
11	0	0	0	0	699
12	0	0	0	0	345
13	0	0	0	0	675
14	0	0	0	0	356
15	0	0	0	0	693
0	0	0	0	0	347
1	0	0	0	0	695
2	0	0	0	0	353
3	0	0	0	0	693
4	0	0	0	0	346
5	0	0	0	0	697
6	0	0	0	0	344
7	0	0	0	0	679
8	0	0	0	0	356
9	0	0	0	0	700
10	0	0	0	0	346
11	0	0	0	0	699
12	0	0	0	0	352
13	0	0	0	0	684
14	0	0	0	0	357
15	0	0	0	0	695
0	0	0	0	0	354
1	0	0	0	0	683
2	0	0	0	0	349
3	0	0	0	0	698
4	0	0	0	0	344
5	0	0	0	0	690
6	0	0	0	0	357
7	0	0	0	0	686
8	0	0	0	0	355
9	0	0	0	0	691
10	0	0	0	0	348
11	0	0	0	0	684
12	0	0	0	0	349
13	0	0	0	0	694
14	0	0	0	0	357
15	0	0	0	0	693
0	0	0	0	0	352
1	0	0	0	0	675
2	0	0	0	0	350
3	0	0	0	0	691
4	0	0	0	0	357
5	0	0	0	0	685
6	0	0	0	0	355
7	0	0	0	0	693
8	0	0	0	0	352
9	0	0	0	0	696
10	0	0	0	0	360
11	0	0	0	0	687
12	0	0	0	0	351
13	0	0	0	0	692
14	0	0	0	0	344
15	0	0	0	0	686
0	0	0	0	0	356
1	0	0	0	0	688
2	0	0	0	0	358
3	0	0	0	0	699
4	0	0	0	0	353
5	0	0	0	0	687
6	0	0	0	0	353
7	0	0	0	0	689
8	0	0	0	0	356
9	0	0	0	0	686
10	0	0	0	0	347
11	0	0	0	0	675
12	0	0	0	0	359
13	0	0	0	0	687
14	0	0	0	0	358
15	0	0	0	0	687
0	0	0	0	0	357
1	0	0	0	0	672
2	0	0	0	0	363
3	0	0	0	0	688
4	0	0	0	0	360
5	0	0	0	0	689
6	0	0	0	0	355
7	0	0	0	0	688
8	0	0	0	0	352
9	0	0	0	0	685
10	0	0	0	0	357
11	0	0	0	0	679
12	0	0	0	0	353
13	0	0	0	0	682
14	0	0	0	0	357
15	0	0	0	0	685
0	0	0	0	0	359
1	0	0	0	0	682
2	0	0	0	0	364
3	0	0	0	0	688
4	0	0	0	0	352
5	0	0	0	0	682
6	0	0	0	0	349
7	0	0	0	0	679
8	0	0	0	0	359
9	0	0	0	0	680
10	0	0	0	0	357
11	0	0	0	0	686
12	0	0	0	0	359
13	0	0	0	0	682
14	0	0	0	0	357
15	0	0	0	0	680
0	0	0	0	0	355
1	0	0	0	0	680
2	0	0	0	0	355
3	0	0	0	0	688
4	0	0	0	0	359
5	0	0	0	0	677
6	0	0	0	0	371
7	0	0	0	0	675
8	0	0	0	0	361
9	0	0	0	0	683
10	0	0	0	0	363
11	0	0	0	0	679
12	0	0	0	0	358
13	0	0	0	0	675
14	0	0	0	0	360
15	0	0	0	0	682
0	0	0	0	0	357
1	0	0	0	0	673
2	0	0	0	0	368
3	0	0	0	0	674
4	0	0	0	0	363
5	0	0	0	0	672
6	0	0	0	0	365
7	0	0	0	0	669
8	0	0	0	0	367
9	0	0	0	0	675
10	0	0	0	0	363
11	0	0	0	0	681
12	0	0	0	0	362
13	0	0	0	0	671
14	0	0	0	0	364
15	0	0	0	0	672
0	0	0	0	0	374
1	0	0	0	0	672
2	0	0	0	0	368
3	0	0	0	0	670
4	0	0	0	0	366
5	0	0	0	0	673
6	0	0	0	0	379
7	0	0	0	0	667
8	0	0	0	0	367
9	0	0	0	0	672
10	0	0	0	0	363
11	0	0	0	0	672
12	0	0	0	0	370
13	0	0	0	0	660
14	0	0	0	0	364
15	0	0	0	0	668
0	0	0	0	0	376
1	0	0	0	0	674
2	0	0	0	0	373
3	0	0	0	0	676
4	0	0	0	0	372
5	0	0	0	0	669
6	0	0	0	0	367
7	0	0	0	0	667
8	0	0	0	0	369
9	0	0	0	0	674
10	0	0	0	0	377
11	0	0	0	0	671
12	0	0	0	0	369
13	0	0	0	0	679
14	0	0	0	0	378
15	0	0	0	0	672
0	0	0	0	0	375
1	0	0	0	0	668
2	0	0	0	0	368
3	0	0	0	0	667
4	0	0	0	0	376
5	0	0	0	0	665
6	0	0	0	0	367
7	0	0	0	0	674
8	0	0	0	0	374
9	0	0	0	0	673
10	0	0	0	0	371
11	0	0	0	0	668
12	0	0	0	0	368
13	0	0	0	0	674
14	0	0	0	0	366
15	0	0	0	0	665
0	0	0	0	0	381
1	0	0	0	0	668
2	0	0	0	0	372
3	0	0	0	0	664
4	0	0	0	0	380
5	0	0	0	0	668
6	0	0	0	0	361
7	0	0	0	0	668
8	0	0	0	0	369
9	0	0	0	0	666
10	0	0	0	0	377
11	0	0	0	0	670
12	0	0	0	0	371
13	0	0	0	0	674
14	0	0	0	0	375
15	0	0	0	0	666
0	0	0	0	0	370
1	0	0	0	0	667
2	0	0	0	0	368
3	0	0	0	0	664
4	0	0	0	0	379
5	0	0	0	0	665
6	0	0	0	0	379
7	0	0	0	0	661
8	0	0	0	0	373
9	0	0	0	0	666
10	0	0	0	0	378
11	0	0	0	0	672
12	0	0	0	0	368
13	0	0	0	0	669
14	0	0	0	0	376
15	0	0	0	0	666
0	0	0	0	0	377
1	0	0	0	0	663
2	0	0	0	0	374
3	0	0	0	0	668
4	0	0	0	0	382
5	0	0	0	0	659
6	0	0	0	0	373
7	0	0	0	0	662
8	0	0	0	0	371
9	0	0	0	0	673
10	0	0	0	0	376
11	0	0	0	0	666
12	0	0	0	0	368
13	0	0	0	0	667
14	0	0	0	0	382
15	0	0	0	0	666
0	0	0	0	0	368
1	0	0	0	0	667
2	0	0	0	0	383
3	0	0	0	0	654
4	0	0	0	0	376
5	0	0	0	0	660
6	0	0	0	0	376
7	0	0	0	0	658
8	0	0	0	0	376
9	0	0	0	0	663
10	0	0	0	0	379
11	0	0	0	0	663
12	0	0	0	0	376
13	0	0	0	0	665
14	0	0	0	0	377
15	0	0	0	0	666
0	0	0	0	0	372
1	0	0	0	0	664
2	0	0	0	0	379
3	0	0	0	0	665
4	0	0	0	0	375
5	0	0	0	0	662
6	0	0	0	0	374
7	0	0	0	0	663
8	0	0	0	0	378
9	0	0	0	0	663
10	0	0	0	0	376
11	0	0	0	0	657
12	0	0	0	0	371
13	0	0	0	0	669
14	0	0	0	0	377
15	0	0	0	0	667
0	0	0	0	0	380
1	0	0	0	0	662
2	0	0	0	0	373
3	0	0	0	0	667
4	0	0	0	0	379
5	0	0	0	0	672
6	0	0	0	0	376
7	0	0	0	0	662
8	0	0	0	0	373
9	0	0	0	0	666
10	0	0	0	0	368
11	0	0	0	0	673
12	0	0	0	0	376
13	0	0	0	0	658
14	0	0	0	0	374
15	0	0	0	0	661
0	0	0	0	0	373
1	0	0	0	0	654
2	0	0	0	0	383
3	0	0	0	0	664
4	0	0	0	0	375
5	0	0	0	0	672
6	0	0	0	0	377
7	0	0	0	0	662
8	0	0	0	0	379
9	0	0	0	0	672
10	0	0	0	0	376
11	0	0	0	0	665
12	0	0	0	0	378
13	0	0	0	0	668
14	0	0	0	0	378
15	0	0	0	0	669
0	0	0	0	0	375
1	0	0	0	0	663
2	0	0	0	0	384
3	0	0	0	0	665
4	0	0	0	0	368
5	0	0	0	0	663
6	0	0	0	0	378
7	0	0	0	0	667
8	0	0	0	0	382
9	0	0	0	0	669
10	0	0	0	0	380
11	0	0	0	0	668
12	0	0	0	0	379
13	0	0	0	0	662
14	0	0	0	0	379
15	0	0	0	0	665
0	0	0	0	0	373
1	0	0	0	0	663
2	0	0	0	0	379
3	0	0	0	0	661
4	0	0	0	0	370
5	0	0	0	0	669
6	0	0	0	0	376
7	0	0	0	0	666
8	0	0	0	0	369
9	0	0	0	0	667
10	0	0	0	0	381
11	0	0	0	0	670
12	0	0	0	0	373
13	0	0	0	0	657
14	0	0	0	0	374
15	0	0	0	0	665
0	0	0	0	0	375
1	0	0	0	0	660
2	0	0	0	0	375
3	0	0	0	0	667
4	0	0	0	0	368
5	0	0	0	0	672
6	0	0	0	0	378
7	0	0	0	0	669
8	0	0	0	0	368
9	0	0	0	0	675
10	0	0	0	0	373
11	0	0	0	0	674
12	0	0	0	0	364
13	0	0	0	0	669
14	0	0	0	0	369
15	0	0	0	0	668
0	0	0	0	0	378
1	0	0	0	0	662
2	0	0	0	0	373
3	0	0	0	0	678
4	0	0	0	0	367
5	0	0	0	0	675
6	0	0	0	0	369
7	0	0	0	0	672
8	0	0	0	0	371
9	0	0	0	0	672
10	0	0	0	0	371
11	0	0	0	0	676
12	0	0	0	0	371
13	0	0	0	0	668
14	0	0	0	0	364
15	0	0	0	0	672
0	0	0	0	0	375
1	0	0	0	0	668
2	0	0	0	0	364
3	0	0	0	0	670
4	0	0	0	0	367
5	0	0	0	0	668
6	0	0	0	0	368
7	0	0	0	0	670
8	0	0	0	0	367
9	0	0	0	0	671
10	0	0	0	0	371
11	0	0	0	0	669
12	0	0	0	0	368
13	0	0	0	0	670
14	0	0	0	0	367
15	0	0	0	0	671
0	0	0	0	0	369
1	0	0	0	0	669
2	0	0	0	0	364
3	0	0	0	0	670
4	0	0	0	0	367
5	0	0	0	0	667
6	0	0	0	0	367
7	0	0	0	0	670
8	0	0	0	0	363
9	0	0	0	0	672
10	0	0	0	0	372
11	0	0	0	0	674
12	0	0	0	0	368
13	0	0	0	0	672
14	0	0	0	0	369
15	0	0	0	0	666
0	0	0	0	0	372
1	0	0	0	0	669
2	0	0	0	0	372
3	0	0	0	0	664
4	0	0	0	0	369
5	0	0	0	0	663
6	0	0	0	0	369
7	0	0	0	0	677
8	0	0	0	0	368
9	0	0	0	0	675
10	0	0	0	0	370
11	0	0	0	0	668
12	0	0	0	0	368
13	0	0	0	0	668
14	0	0	0	0	370
15	0	0	0	0	674
0	0	0	0	0	368
1	0	0	0	0	678
2	0	0	0	0	373
3	0	0	0	0	671
4	0	0	0	0	370
5	0	0	0	0	674
6	0	0	0	0	374
7	0	0	0	0	668
8	0	0	0	0	367
9	0	0	0	0	668
10	0	0	0	0	362
11	0	0	0	0	675
12	0	0	0	0	360
13	0	0	0	0	669
14	0	0	0	0	370
15	0	0	0	0	668
0	0	0	0	0	368
1	0	0	0	0	675
2	0	0	0	0	371
3	0	0	0	0	668
4	0	0	0	0	368
5	0	0	0	0	670
6	0	0	0	0	371
7	0	0	0	0	672
8	0	0	0	0	367
9	0	0	0	0	673
10	0	0	0	0	366
11	0	0	0	0	683
12	0	0	0	0	368
13	0	0	0	0	676
14	0	0	0	0	374
15	0	0	0	0	671
0	0	0	0	0	366
1	0	0	0	0	676
2	0	0	0	0	373
3	0	0	0	0	674
4	0	0	0	0	364
5	0	0	0	0	670
6	0	0	0	0	368
7	0	0	0	0	670
8	0	0	0	0	367
9	0	0	0	0	673
10	0	0	0	0	373
11	0	0	0	0	665
12	0	0	0	0	363
13	0	0	0	0	667
14	0	0	0	0	367
15	0	0	0	0	667
0	0	0	0	0	370
1	0	0	0	0	678
2	0	0	0	0	363
3	0	0	0	0	677
4	0	0	0	0	370
5	0	0	0	0	674
6	0	0	0	0	372
7	0	0	0	0	675
8	0	0	0	0	368
9	0	0	0	0	674
10	0	0	0	0	379
11	0	0	0	0	674
12	0	0	0	0	364
13	0	0	0	0	665
14	0	0	0	0	372
15	0	0	0	0	668
0	0	0	0	0	368
1	0	0	0	0	672
2	0	0	0	0	371
3	0	0	0	0	680
4	0	0	0	0	372
5	0	0	0	0	667
6	0	0	0	0	372
7	0	0	0	0	667
8	0	0	0	0	370
9	0	0	0	0	669
10	0	0	0	0	370
11	0	0	0	0	672
12	0	0	0	0	371
13	0	0	0	0	665
14	0	0	0	0	376
15	0	0	0	0	670
0	0	0	0	0	368
1	0	0	0	0	668
2	0	0	0	0	373
3	0	0	0	0	661
4	0	0	0	0	369
5	0	0	0	0	669
6	0	0	0	0	373
7	0	0	0	0	674
8	0	0	0	0	373
9	0	0	0	0	672
10	0	0	0	0	370
11	0	0	0	0	664
12	0	0	0	0	379
13	0	0	0	0	670
14	0	0	0	0	374
15	0	0	0	0	675
0	0	0	0	0	374
1	0	0	0	0	668
2	0	0	0	0	372
3	0	0	0	0	667
4	0	0	0	0	368
5	0	0	0	0	669
6	0	0	0	0	366
7	0	0	0	0	662
8	0	0	0	0	372
9	0	0	0	0	665
10	0	0	0	0	373
11	0	0	0	0	672
12	0	0	0	0	376
13	0	0	0	0	668
14	0	0	0	0	377
15	0	0	0	0	668
0	0	0	0	0	373
1	0	0	0	0	673
2	0	0	0	0	375
3	0	0	0	0	666
4	0	0	0	0	370
5	0	0	0	0	666
6	0	0	0	0	374
7	0	0	0	0	669
8	0	0	0	0	378
9	0	0	0	0	667
10	0	0	0	0	373
11	0	0	0	0	663
12	0	0	0	0	372
13	0	0	0	0	664
14	0	0	0	0	370
15	0	0	0	0	667
0	0	0	0	0	367
1	0	0	0	0	662
2	0	0	0	0	372
3	0	0	0	0	663
4	0	0	0	0	372
5	0	0	0	0	667
6	0	0	0	0	372
7	0	0	0	0	667
8	0	0	0	0	379
9	0	0	0	0	666
10	0	0	0	0	375
11	0	0	0	0	668
12	0	0	0	0	377
13	0	0	0	0	662
14	0	0	0	0	374
15	0	0	0	0	664
0	0	0	0	0	374
1	0	0	0	0	667
2	0	0	0	0	375
3	0	0	0	0	666
4	0	0	0	0	375
5	0	0	0	0	669
6	0	0	0	0	376
7	0	0	0	0	663
8	0	0	0	0	374
9	0	0	0	0	662
10	0	0	0	0	378
11	0	0	0	0	656
12	0	0	0	0	377
13	0	0	0	0	654
14	0	0	0	0	380
15	0	0	0	0	658
0	0	0	0	0	387
1	0	0	0	0	659
2	0	0	0	0	380
3	0	0	0	0	667
4	0	0	0	0	378
5	0	0	0	0	669
6	0	0	0	0	379
7	0	0	0	0	662
8	0	0	0	0	376
9	0	0	0	0	663
10	0	0	0	0	385
11	0	0	0	0	667
12	0	0	0	0	378
13	0	0	0	0	653
14	0	0	0	0	387
15	0	0	0	0	666
0	0	0	0	0	372
1	0	0	0	0	664
2	0	0	0	0	376
3	0	0	0	0	667
4	0	0	0	0	386
5	0	0	0	0	659
6	0	0	0	0	384
7	0	0	0	0	666
8	0	0	0	0	386
9	0	0	0	0	659
10	0	0	0	0	376
11	0	0	0	0	663
12	0	0	0	0	380
13	0	0	0	0	660
14	0	0	0	0	372
15	0	0	0	0	659
0	0	0	0	0	381
1	0	0	0	0	663
2	0	0	0	0	384
3	0	0	0	0	666
4	0	0	0	0	384
5	0	0	0	0	655
6	0	0	0	0	387
7	0	0	0	0	672
8	0	0	0	0	386
9	0	0	0	0	660
10	0	0	0	0	379
11	0	0	0	0	661
12	0	0	0	0	388
13	0	0	0	0	661
14	0	0	0	0	379
15	0	0	0	0	662
0	0	0	0	0	378
1	0	0	0	0	663
2	0	0	0	0	379
3	0	0	0	0	661
4	0	0	0	0	379
5	0	0	0	0	660
6	0	0	0	0	386
7	0	0	0	0	668
8	0	0	0	0	386
9	0	0	0	0	658
10	0	0	0	0	380
11	0	0	0	0	661
12	0	0	0	0	377
13	0	0	0	0	659
14	0	0	0	0	381
15	0	0	0	0	671
0	0	0	0	0	378
1	0	0	0	0	655
2	0	0	0	0	380
3	0	0	0	0	660
4	0	0	0	0	381
5	0	0	0	0	665
6	0	0	0	0	382
7	0	0	0	0	655
8	0	0	0	0	380
9	0	0	0	0	663
10	0	0	0	0	385
11	0	0	0	0	665
12	0	0	0	0	374
13	0	0	0	0	660
14	0	0	0	0	381
15	0	0	0	0	661
0	0	0	0	0	383
1	0	0	0	0	665
2	0	0	0	0	376
3	0	0	0	0	669
4	0	0	0	0	385
5	0	0	0	0	658
6	0	0	0	0	382
7	0	0	0	0	661
8	0	0	0	0	385
9	0	0	0	0	663
10	0	0	0	0	385
11	0	0	0	0	658
12	0	0	0	0	381
13	0	0	0	0	658
14	0	0	0	0	385
15	0	0	0	0	659
0	0	0	0	0	376
1	0	0	0	0	656
2	0	0	0	0	383
3	0	0	0	0	659
4	0	0	0	0	379
5	0	0	0	0	656
6	0	0	0	0	387
7	0	0	0	0	663
8	0	0	0	0	382
9	0	0	0	0	652
10	0	0	0	0	384
11	0	0	0	0	665
12	0	0	0	0	385
13	0	0	0	0	661
14	0	0	0	0	384
15	0	0	0	0	660
0	0	0	0	0	383
1	0	0	0	0	656
2	0	0	0	0	384
3	0	0	0	0	662
4	0	0	0	0	384
5	0	0	0	0	662
6	0	0	0	0	387
7	0	0	0	0	655
8	0	0	0	0	384
9	0	0	0	0	662
10	0	0	0	0	385
11	0	0	0	0	668
12	0	0	0	0	386
13	0	0	0	0	656
14	0	0	0	0	383
15	0	0	0	0	659
0	0	0	0	0	382
1	0	0	0	0	656
2	0	0	0	0	390
3	0	0	0	0	663
4	0	0	0	0	379
5	0	0	0	0	656
6	0	0	0	0	391
7	0	0	0	0	656
8	0	0	0	0	386
9	0	0	0	0	659
10	0	0	0	0	384
11	0	0	0	0	659
12	0	0	0	0	382
13	0	0	0	0	663
14	0	0	0	0	385
15	0	0	0	0	654
0	0	0	0	0	380
1	0	0	0	0	661
2	0	0	0	0	385
3	0	0	0	0	657
4	0	0	0	0	372
5	0	0	0	0	653
6	0	0	0	0	386
7	0	0	0	0	655
8	0	0	0	0	388
9	0	0	0	0	654
10	0	0	0	0	385
11	0	0	0	0	660
12	0	0	0	0	374
13	0	0	0	0	662
14	0	0	0	0	386
15	0	0	0	0	666
0	0	0	0	0	381
1	0	0	0	0	654
2	0	0	0	0	385
3	0	0	0	0	658
4	0	0	0	0	383
5	0	0	0	0	652
6	0	0	0	0	387
7	0	0	0	0	661
8	0	0	0	0	376
9	0	0	0	0	663
10	0	0	0	0	379
11	0	0	0	0	654
12	0	0	0	0	388
13	0	0	0	0	650
14	0	0	0	0	380
15	0	0	0	0	660
0	0	0	0	0	379
1	0	0	0	0	659
2	0	0	0	0	387
3	0	0	0	0	665
4	0	0	0	0	383
5	0	0	0	0	655
6	0	0	0	0	383
7	0	0	0	0	663
8	0	0	0	0	379
9	0	0	0	0	654
10	0	0	0	0	388
11	0	0	0	0	657
12	0	0	0	0	380
13	0	0	0	0	659
14	0	0	0	0	390
15	0	0	0	0	655
0	0	0	0	0	388
1	0	0	0	0	656
2	0	0	0	0	379
3	0	0	0	0	658
4	0	0	0	0	380
5	0	0	0	0	655
6	0	0	0	0	383
7	0	0	0	0	663
8	0	0	0	0	382
9	0	0	0	0	653
10	0	0	0	0	385
11	0	0	0	0	654
12	0	0	0	0	383
13	0	0	0	0	659
14	0	0	0	0	387
15	0	0	0	0	663
0	0	0	0	0	384
1	0	0	0	0	658
2	0	0	0	0	389
3	0	0	0	0	660
4	0	0	0	0	382
5	0	0	0	0	653
6	0	0	0	0	384
7	0	0	0	0	653
8	0	0	0	0	381
9	0	0	0	0	665
10	0	0	0	0	387
11	0	0	0	0	657
12	0	0	0	0	385
13	0	0	0	0	664
14	0	0	0	0	387
15	0	0	0	0	658
0	0	0	0	0	389
1	0	0	0	0	660
2	0	0	0	0	383
3	0	0	0	0	653
4	0	0	0	0	385
5	0	0	0	0	660
6	0	0	0	0	380
7	0	0	0	0	658
8	0	0	0	0	384
9	0	0	0	0	660
10	0	0	0	0	388
11	0	0	0	0	656
12	0	0	0	0	383
13	0	0	0	0	665
14	0	0	0	0	384
15	0	0	0	0	658
0	0	0	0	0	388
1	0	0	0	0	666
2	0	0	0	0	389
3	0	0	0	0	651
4	0	0	0	0	380
5	0	0	0	0	662
6	0	0	0	0	389
7	0	0	0	0	660
8	0	0	0	0	382
9	0	0	0	0	650
10	0	0	0	0	380
11	0	0	0	0	656
12	0	0	0	0	386
13	0	0	0	0	655
14	0	0	0	0	381
15	0	0	0	0	660
0	0	0	0	0	382
1	0	0	0	0	651
2	0	0	0	0	384
3	0	0	0	0	653
4	0	0	0	0	384
5	0	0	0	0	654
6	0	0	0	0	384
7	0	0	0	0	657
8	0	0	0	0	386
9	0	0	0	0	656
10	0	0	0	0	394
11	0	0	0	0	660
12	0	0	0	0	388
13	0	0	0	0	657
14	0	0	0	0	388
15	0	0	0	0	656
0	0	0	0	0	377
1	0	0	0	0	656
2	0	0	0	0	387
3	0	0	0	0	658
4	0	0	0	0	387
5	0	0	0	0	662
6	0	0	0	0	386
7	0	0	0	0	655
8	0	0	0	0	388
9	0	0	0	0	650
10	0	0	0	0	387
11	0	0	0	0	658
12	0	0	0	0	386
13	0	0	0	0	658
14	0	0	0	0	383
15	0	0	0	0	654
0	0	0	0	0	391
1	0	0	0	0	659
2	0	0	0	0	392
3	0	0	0	0	662
4	0	0	0	0	392
5	0	0	0	0	659
6	0	0	0	0	386
7	0	0	0	0	658
8	0	0	0	0	391
9	0	0	0	0	657
10	0	0	0	0	390
11	0	0	0	0	659
12	0	0	0	0	387
13	0	0	0	0	656
14	0	0	0	0	387
15	0	0	0	0	658
0	0	0	0	0	388
1	0	0	0	0	663
2	0	0	0	0	387
3	0	0	0	0	658
4	0	0	0	0	391
5	0	0	0	0	657
6	0	0	0	0	389
7	0	0	0	0	652
8	0	0	0	0	388
9	0	0	0	0	658
10	0	0	0	0	387
11	0	0	0	0	659
12	0	0	0	0	392
13	0	0	0	0	663
14	0	0	0	0	396
15	0	0	0	0	658
0	0	0	0	0	383
1	0	0	0	0	660
2	0	0	0	0	389
3	0	0	0	0	652
4	0	0	0	0	389
5	0	0	0	0	661
6	0	0	0	0	391
7	0	0	0	0	662
8	0	0	0	0	395
9	0	0	0	0	651
10	0	0	0	0	389
11	0	0	0	0	655
12	0	0	0	0	391
13	0	0	0	0	659
14	0	0	0	0	399
15	0	0	0	0	652
0	0	0	0	0	384
1	0	0	0	0	656
2	0	0	0	0	392
3	0	0	0	0	660
4	0	0	0	0	384
5	0	0	0	0	659
6	0	0	0	0	386
7	0	0	0	0	661
8	0	0	0	0	389
9	0	0	0	0	666
10	0	0	0	0	397
11	0	0	0	0	657
12	0	0	0	0	394
13	0	0	0	0	654
14	0	0	0	0	395
15	0	0	0	0	655
0	0	0	0	0	391
1	0	0	0	0	652
2	0	0	0	0	391
3	0	0	0	0	654
4	0	0	0	0	384
5	0	0	0	0	655
6	0	0	0	0	391
7	0	0	0	0	658
8	0	0	0	0	402
9	0	0	0	0	650
10	0	0	0	0	394
11	0	0	0	0	654
12	0	0	0	0	391
13	0	0	0	0	660
14	0	0	0	0	397
15	0	0	0	0	656
0	0	0	0	0	391
1	0	0	0	0	652
2	0	0	0	0	393
3	0	0	0	0	655
4	0	0	0	0	394
5	0	0	0	0	655
6	0	0	0	0	392
7	0	0	0	0	655
8	0	0	0	0	398
9	0	0	0	0	655
10	0	0	0	0	390
11	0	0	0	0	653
12	0	0	0	0	397
13	0	0	0	0	654
14	0	0	0	0	395
15	0	0	0	0	648
0	0	0	0	0	394
1	0	0	0	0	646
2	0	0	0	0	392
3	0	0	0	0	659
4	0	0	0	0	398
5	0	0	0	0	655
6	0	0	0	0	394
7	0	0	0	0	651
8	0	0	0	0	393
9	0	0	0	0	650
10	0	0	0	0	401
11	0	0	0	0	653
12	0	0	0	0	400
13	0	0	0	0	656
14	0	0	0	0	394
15	0	0	0	0	649
0	0	0	0	0	404
1	0	0	0	0	658
2	0	0	0	0	395
3	0	0	0	0	647
4	0	0	0	0	393
5	0	0	0	0	651
6	0	0	0	0	396
7	0	0	0	0	656
8	0	0	0	0	399
9	0	0	0	0	651
10	0	0	0	0	396
11	0	0	0	0	649
12	0	0	0	0	396
13	0	0	0	0	648
14	0	0	0	0	399
15	0	0	0	0	652
0	0	0	0	0	394
1	0	0	0	0	651
2	0	0	0	0	402
3	0	0	0	0	649
4	0	0	0	0	393
5	0	0	0	0	653
6	0	0	0	0	402
7	0	0	0	0	653
8	0	0	0	0	396
9	0	0	0	0	656
10	0	0	0	0	393
11	0	0	0	0	650
12	0	0	0	0	395
13	0	0	0	0	653
14	0	0	0	0	391
15	0	0	0	0	648
0	0	0	0	0	397
1	0	0	0	0	657
2	0	0	0	0	402
3	0	0	0	0	657
4	0	0	0	0	400
5	0	0	0	0	648
6	0	0	0	0	403
7	0	0	0	0	655
8	0	0	0	0	396
9	0	0	0	0	654
10	0	0	0	0	407
11	0	0	0	0	647
12	0	0	0	0	395
13	0	0	0	0	649
14	0	0	0	0	401
15	0	0	0	0	646
0	0	0	0	0	401
1	0	0	0	0	650
2	0	0	0	0	399
3	0	0	0	0	645
4	0	0	0	0	399
5	0	0	0	0	653
6	0	0	0	0	396
7	0	0	0	0	651
8	0	0	0	0	400
9	0	0	0	0	648
10	0	0	0	0	403
11	0	0	0	0	658
12	0	0	0	0	397
13	0	0	0	0	648
14	0	0	0	0	403
15	0	0	0	0	656
0	0	0	0	0	393
1	0	0	0	0	650
2	0	0	0	0	396
3	0	0	0	0	653
4	0	0	0	0	404
5	0	0	0	0	644
6	0	0	0	0	398
7	0	0	0	0	648
8	0	0	0	0	400
9	0	0	0	0	645
10	0	0	0	0	407
11	0	0	0	0	651
12	0	0	0	0	400
13	0	0	0	0	656
14	0	0	0	0	400
15	0	0	0	0	640
0	0	0	0	0	399
1	0	0	0	0	653
2	0	0	0	0	404
3	0	0	0	0	649
4	0	0	0	0	407
5	0	0	0	0	648
6	0	0	0	0	404
7	0	0	0	0	651
8	0	0	0	0	397
9	0	0	0	0	651
10	0	0	0	0	405
11	0	0	0	0	650
12	0	0	0	0	396
13	0	0	0	0	651
14	0	0	0	0	405
15	0	0	0	0	652
0	0	0	0	0	398
1	0	0	0	0	652
2	0	0	0	0	397
3	0	0	0	0	650
4	0	0	0	0	404
5	0	0	0	0	640
6	0	0	0	0	403
7	0	0	0	0	655
8	0	0	0	0	403
9	0	0	0	0	645
10	0	0	0	0	403
11	0	0	0	0	646
12	0	0	0	0	396
13	0	0	0	0	647
14	0	0	0	0	408
15	0	0	0	0	643
0	0	0	0	0	401
1	0	0	0	0	645
2	0	0	0	0	402
3	0	0	0	0	652
4	0	0	0	0	399
5	0	0	0	0	644
6	0	0	0	0	398
7	0	0	0	0	649
8	0	0	0	0	398
9	0	0	0	0	650
10	0	0	0	0	399
11	0	0	0	0	646
12	0	0	0	0	398
13	0	0	0	0	644
14	0	0	0	0	398
15	0	0	0	0	643
0	0	0	0	0	400
1	0	0	0	0	650
2	0	0	0	0	402
3	0	0	0	0	651
4	0	0	0	0	399
5	0	0	0	0	646
6	0	0	0	0	401
7	0	0	0	0	655
8	0	0	0	0	407
9	0	0	0	0	645
10	0	0	0	0	404
11	0	0	0	0	652
12	0	0	0	0	399
13	0	0	0	0	649
14	0	0	0	0	398
15	0	0	0	0	649
0	0	0	0	0	402
1	0	0	0	0	647
2	0	0	0	0	400
3	0	0	0	0	639
4	0	0	0	0	410
5	0	0	0	0	648
6	0	0	0	0	401
7	0	0	0	0	653
8	0	0	0	0	399
9	0	0	0	0	648
10	0	0	0	0	405
11	0	0	0	0	645
12	0	0	0	0	399
13	0	0	0	0	653
14	0	0	0	0	399
15	0	0	0	0	647
0	0	0	0	0	393
1	0	0	0	0	650
2	0	0	0	0	402
3	0	0	0	0	647
4	0	0	0	0	400
5	0	0	0	0	646
6	0	0	0	0	401
7	0	0	0	0	651
8	0	0	0	0	404
9	0	0	0	0	648
10	0	0	0	0	405
11	0	0	0	0	652
12	0	0	0	0	395
13	0	0	0	0	654
14	0	0	0	0	389
15	0	0	0	0	650
0	0	0	0	0	403
1	0	0	0	0	644
2	0	0	0	0	406
3	0	0	0	0	647
4	0	0	0	0	409
5	0	0	0	0	656
6	0	0	0	0	401
7	0	0	0	0	644
8	0	0	0	0	399
9	0	0	0	0	649
10	0	0	0	0	401
11	0	0	0	0	644
12	0	0	0	0	400
13	0	0	0	0	645
14	0	0	0	0	405
15	0	0	0	0	647
0	0	0	0	0	407
1	0	0	0	0	647
2	0	0	0	0	405
3	0	0	0	0	652
4	0	0	0	0	403
5	0	0	0	0	655
6	0	0	0	0	400
7	0	0	0	0	647
8	0	0	0	0	395
9	0	0	0	0	650
10	0	0	0	0	404
11	0	0	0	0	646
12	0	0	0	0	391
13	0	0	0	0	653
14	0	0	0	0	395
15	0	0	0	0	651
0	0	0	0	0	399
1	0	0	0	0	652
2	0	0	0	0	400
3	0	0	0	0	653
4	0	0	0	0	399
5	0	0	0	0	648
6	0	0	0	0	397
7	0	0	0	0	654
8	0	0	0	0	396
9	0	0	0	0	655
10	0	0	0	0	399
11	0	0	0	0	659
12	0	0	0	0	398
13	0	0	0	0	656
14	0	0	0	0	396
15	0	0	0	0	651
0	0	0	0	0	395
1	0	0	0	0	658
2	0	0	0	0	390
3	0	0	0	0	654
4	0	0	0	0	400
5	0	0	0	0	648
6	0	0	0	0	401
7	0	0	0	0	654
8	0	0	0	0	394
9	0	0	0	0	650
10	0	0	0	0	394
11	0	0	0	0	660
12	0	0	0	0	389
13	0	0	0	0	653
14	0	0	0	0	394
15	0	0	0	0	652
0	0	0	0	0	394
1	0	0	0	0	657
2	0	0	0	0	395
3	0	0	0	0	663
4	0	0	0	0	389
5	0	0	0	0	656
6	0	0	0	0	397
7	0	0	0	0	654
8	0	0	0	0	395
9	0	0	0	0	652
10	0	0	0	0	398
11	0	0	0	0	652
12	0	0	0	0	393
13	0	0	0	0	656
14	0	0	0	0	390
15	0	0	0	0	649
0	0	0	0	0	389
1	0	0	0	0	650
2	0	0	0	0	396
3	0	0	0	0	652
4	0	0	0	0	395
5	0	0	0	0	652
6	0	0	0	0	392
7	0	0	0	0	656
8	0	0	0	0	396
9	0	0	0	0	648
10	0	0	0	0	394
11	0	0	0	0	655
12	0	0	0	0	393
13	0	0	0	0	658
14	0	0	0	0	402
15	0	0	0	0	655
0	0	0	0	0	392
1	0	0	0	0	655
2	0	0	0	0	401
3	0	0	0	0	653
4	0	0	0	0	403
5	0	0	0	0	656
6	0	0	0	0	394
7	0	0	0	0	654
8	0	0	0	0	400
9	0	0	0	0	654
10	0	0	0	0	389
11	0	0	0	0	648
12	0	0	0	0	393
13	0	0	0	0	650
14	0	0	0	0	397
15	0	0	0	0	654
0	0	0	0	0	398
1	0	0	0	0	644
2	0	0	0	0	403
3	0	0	0	0	647
4	0	0	0	0	403
5	0	0	0	0	652
6	0	0	0	0	407
7	0	0	0	0	654
8	0	0	0	0	399
9	0	0	0	0	657
10	0	0	0	0	390
11	0	0	0	0	652
12	0	0	0	0	404
13	0	0	0	0	647
14	0	0	0	0	400
15	0	0	0	0	649
0	0	0	0	0	395
1	0	0	0	0	653
2	0	0	0	0	397
3	0	0	0	0	655
4	0	0	0	0	396
5	0	0	0	0	652
6	0	0	0	0	400
7	0	0	0	0	653
8	0	0	0	0	394
9	0	0	0	0	653
10	0	0	0	0	395
11	0	0	0	0	652
12	0	0	0	0	398
13	0	0	0	0	659
14	0	0	0	0	389
15	0	0	0	0	656
0	0	0	0	0	385
1	0	0	0	0	658
2	0	0	0	0	389
3	0	0	0	0	660
4	0	0	0	0	382
5	0	0	0	0	653
6	0	0	0	0	389
7	0	0	0	0	663
8	0	0	0	0	387
9	0	0	0	0	658
10	0	0	0	0	392
11	0	0	0	0	666
12	0	0	0	0	388
13	0	0	0	0	652
14	0	0	0	0	389
15	0	0	0	0	657
0	0	0	0	0	387
1	0	0	0	0	658
2	0	0	0	0	387
3	0	0	0	0	659
4	0	0	0	0	387
5	0	0	0	0	655
6	0	0	0	0	391
7	0	0	0	0	661
8	0	0	0	0	381
9	0	0	0	0	662
10	0	0	0	0	392
11	0	0	0	0	658
12	0	0	0	0	388
13	0	0	0	0	664
14	0	0	0	0	391
15	0	0	0	0	661
0	0	0	0	0	391
1	0	0	0	0	652
2	0	0	0	0	391
3	0	0	0	0	653
4	0	0	0	0	386
5	0	0	0	0	659
6	0	0	0	0	391
7	0	0	0	0	663
8	0	0	0	0	387
9	0	0	0	0	651
10	0	0	0	0	385
11	0	0	0	0	657
12	0	0	0	0	386
13	0	0	0	0	662
14	0	0	0	0	392
15	0	0	0	0	659
0	0	0	0	0	380
1	0	0	0	0	660
2	0	0	0	0	391
3	0	0	0	0	655
4	0	0	0	0	395
5	0	0	0	0	657
6	0	0	0	0	389
7	0	0	0	0	654
8	0	0	0	0	386
9	0	0	0	0	659
10	0	0	0	0	387
11	0	0	0	0	661
12	0	0	0	0	385
13	0	0	0	0	661
14	0	0	0	0	389
15	0	0	0	0	659
0	0	0	0	0	391
1	0	0	0	0	652
2	0	0	0	0	385
3	0	0	0	0	667
4	0	0	0	0	389
5	0	0	0	0	656
6	0	0	0	0	388
7	0	0	0	0	660
8	0	0	0	0	391
9	0	0	0	0	655
10	0	0	0	0	377
11	0	0	0	0	664
12	0	0	0	0	377
13	0	0	0	0	658
14	0	0	0	0	384
15	0	0	0	0	655
0	0	0	0	0	385
1	0	0	0	0	668
2	0	0	0	0	391
3	0	0	0	0	657
4	0	0	0	0	388
5	0	0	0	0	656
6	0	0	0	0	379
7	0	0	0	0	657
8	0	0	0	0	386
9	0	0	0	0	663
10	0	0	0	0	392
11	0	0	0	0	662
12	0	0	0	0	385
13	0	0	0	0	659
14	0	0	0	0	383
15	0	0	0	0	657
0	0	0	0	0	382
1	0	0	0	0	658
2	0	0	0	0	384
3	0	0	0	0	660
4	0	0	0	0	384
5	0	0	0	0	661
6	0	0	0	0	381
7	0	0	0	0	655
8	0	0	0	0	385
9	0	0	0	0	663
10	0	0	0	0	389
11	0	0	0	0	656
12	0	0	0	0	388
13	0	0	0	0	655
14	0	0	0	0	387
15	0	0	0	0	661
0	0	0	0	0	386
1	0	0	0	0	655
2	0	0	0	0	387
3	0	0	0	0	666
4	0	0	0	0	378
5	0	0	0	0	666
6	0	0	0	0	386
7	0	0	0	0	666
8	0	0	0	0	388
9	0	0	0	0	659
10	0	0	0	0	383
11	0	0	0	0	661
12	0	0	0	0	382
13	0	0	0	0	663
14	0	0	0	0	390
15	0	0	0	0	659
0	0	0	0	0	381
1	0	0	0	0	657
2	0	0	0	0	386
3	0	0	0	0	658
4	0	0	0	0	388
5	0	0	0	0	659
6	0	0	0	0	391
7	0	0	0	0	659
8	0	0	0	0	390
9	0	0	0	0	666
10	0	0	0	0	381
11	0	0	0	0	666
12	0	0	0	0	391
13	0	0	0	0	662
14	0	0	0	0	388
15	0	0	0	0	658
0	0	0	0	0	390
1	0	0	0	0	665
2	0	0	0	0	388
3	0	0	0	0	663
4	0	0	0	0	390
5	0	0	0	0	659
6	0	0	0	0	377
7	0	0	0	0	657
8	0	0	0	0	387
9	0	0	0	0	666
10	0	0	0	0	385
11	0	0	0	0	665
12	0	0	0	0	382
13	0	0	0	0	659
14	0	0	0	0	386
15	0	0	0	0	657
0	0	0	0	0	384
1	0	0	0	0	660
2	0	0	0	0	388
3	0	0	0	0	665
4	0	0	0	0	383
5	0	0	0	0	658
6	0	0	0	0	381
7	0	0	0	0	667
8	0	0	0	0	389
9	0	0	0	0	664
10	0	0	0	0	384
11	0	0	0	0	656
12	0	0	0	0	387
13	0	0	0	0	662
14	0	0	0	0	385
15	0	0	0	0	666
0	0	0	0	0	386
1	0	0	0	0	662
2	0	0	0	0	387
3	0	0	0	0	660
4	0	0	0	0	385
5	0	0	0	0	661
6	0	0	0	0	383
7	0	0	0	0	662
8	0	0	0	0	387
9	0	0	0	0	671
10	0	0	0	0	389
11	0	0	0	0	657
12	0	0	0	0	379
13	0	0	0	0	663
14	0	0	0	0	386
15	0	0	0	0	659
0	0	0	0	0	387
1	0	0	0	0	658
2	0	0	0	0	386
3	0	0	0	0	661
4	0	0	0	0	379
5	0	0	0	0	660
6	0	0	0	0	387
7	0	0	0	0	666
8	0	0	0	0	378
9	0	0	0	0	665
10	0	0	0	0	385
11	0	0	0	0	653
12	0	0	0	0	383
13	0	0	0	0	663
14	0	0	0	0	383
15	0	0	0	0	662
0	0	0	0	0	384
1	0	0	0	0	659
2	0	0	0	0	381
3	0	0	0	0	658
4	0	0	0	0	392
5	0	0	0	0	659
6	0	0	0	0	395
7	0	0	0	0	653
8	0	0	0	0	389
9	0	0	0	0	658
10	0	0	0	0	387
11	0	0	0	0	661
12	0	0	0	0	388
13	0	0	0	0	664
14	0	0	0	0	391
15	0	0	0	0	658
0	0	0	0	0	387
1	0	0	0	0	658
2	0	0	0	0	383
3	0	0	0	0	657
4	0	0	0	0	377
5	0	0	0	0	659
6	0	0	0	0	381
7	0	0	0	0	661
8	0	0	0	0	387
9	0	0	0	0	660
10	0	0	0	0	383
11	0	0	0	0	665
12	0	0	0	0	390
13	0	0	0	0	662
14	0	0	0	0	386
15	0	0	0	0	660
0	0	0	0	0	390
1	0	0	0	0	665
2	0	0	0	0	391
3	0	0	0	0	659
4	0	0	0	0	383
5	0	0	0	0	659
6	0	0	0	0	384
7	0	0	0	0	663
8	0	0	0	0	395
9	0	0	0	0	663
10	0	0	0	0	388
11	0	0	0	0	659
12	0	0	0	0	384
13	0	0	0	0	666
14	0	0	0	0	383
15	0	0	0	0	658
0	0	0	0	0	388
1	0	0	0	0	659
2	0	0	0	0	388
3	0	0	0	0	659
4	0	0	0	0	383
5	0	0	0	0	666
6	0	0	0	0	384
7	0	0	0	0	656
8	0	0	0	0	385
9	0	0	0	0	657
10	0	0	0	0	387
11	0	0	0	0	663
12	0	0	0	0	391
13	0	0	0	0	664
14	0	0	0	0	396
15	0	0	0	0	659
0	0	0	0	0	392
1	0	0	0	0	663
2	0	0	0	0	386
3	0	0	0	0	660
4	0	0	0	0	386
5	0	0	0	0	657
6	0	0	0	0	391
7	0	0	0	0	652
8	0	0	0	0	386
9	0	0	0	0	656
10	0	0	0	0	390
11	0	0	0	0	656
12	0	0	0	0	388
13	0	0	0	0	655
14	0	0	0	0	385
15	0	0	0	0	658
0	0	0	0	0	384
1	0	0	0	0	655
2	0	0	0	0	392
3	0	0	0	0	661
4	0	0	0	0	387
5	0	0	0	0	659
6	0	0	0	0	387
7	0	0	0	0	652
8	0	0	0	0	388
9	0	0	0	0	659
10	0	0	0	0	388
11	0	0	0	0	660
12	0	0	0	0	389
13	0	0	0	0	660
14	0	0	0	0	389
15	0	0	0	0	656
0	0	0	0	0	388
1	0	0	0	0	658
2	0	0	0	0	392
3	0	0	0	0	663
4	0	0	0	0	387
5	0	0	0	0	652
6	0	0	0	0	384
7	0	0	0	0	662
8	0	0	0	0	388
9	0	0	0	0	656
10	0	0	0	0	386
11	0	0	0	0	664
12	0	0	0	0	388
13	0	0	0	0	664
14	0	0	0	0	391
15	0	0	0	0	654
0	0	0	0	0	389
1	0	0	0	0	655
2	0	0	0	0	394
3	0	0	0	0	655
4	0	0	0	0	387
5	0	0	0	0	657
6	0	0	0	0	390
7	0	0	0	0	658
8	0	0	0	0	389
9	0	0	0	0	659
10	0	0	0	0	390
11	0	0	0	0	662
12	0	0	0	0	386
13	0	0	0	0	655
14	0	0	0	0	392
15	0	0	0	0	657
0	0	0	0	0	387
1	0	0	0	0	658
2	0	0	0	0	388
3	0	0	0	0	659
4	0	0	0	0	388
5	0	0	0	0	657
6	0	0	0	0	384
7	0	0	0	0	658
8	0	0	0	0	384
9	0	0	0	0	656
10	0	0	0	0	387
11	0	0	0	0	663
12	0	0	0	0	388
13	0	0	0	0	664
14	0	0	0	0	389
15	0	0	0	0	662
0	0	0	0	0	391
1	0	0	0	0	652
2	0	0	0	0	396
3	0	0	0	0	656
4	0	0	0	0	394
5	0	0	0	0	662
6	0	0	0	0	388
7	0	0	0	0	656
8	0	0	0	0	392
9	0	0	0	0	657
10	0	0	0	0	391
11	0	0	0	0	656
12	0	0	0	0	388
13	0	0	0	0	655
14	0	0	0	0	391
15	0	0	0	0	660
0	0	0	0	0	392
1	0	0	0	0	662
2	0	0	0	0	391
3	0	0	0	0	654
4	0	0	0	0	388
5	0	0	0	0	659
6	0	0	0	0	392
7	0	0	0	0	657
8	0	0	0	0	389
9	0	0	0	0	650
10	0	0	0	0	393
11	0	0	0	0	653
12	0	0	0	0	388
13	0	0	0	0	658
14	0	0	0	0	393
15	0	0	0	0	660
0	0	0	0	0	384
1	0	0	0	0	649
2	0	0	0	0	388
3	0	0	0	0	655
4	0	0	0	0	386
5	0	0	0	0	656
6	0	0	0	0	389
7	0	0	0	0	652
8	0	0	0	0	391
9	0	0	0	0	659
10	0	0	0	0	389
11	0	0	0	0	662
12	0	0	0	0	387
13	0	0	0	0	652
14	0	0	0	0	393
15	0	0	0	0	652
0	0	0	0	0	391
1	0	0	0	0	654
2	0	0	0	0	387
3	0	0	0	0	661
4	0	0	0	0	380
5	0	0	0	0	655
6	0	0	0	0	391
7	0	0	0	0	657
8	0	0	0	0	389
9	0	0	0	0	660
10	0	0	0	0	387
11	0	0	0	0	652
12	0	0	0	0	396
13	0	0	0	0	651
14	0	0	0	0	388
15	0	0	0	0	659
0	0	0	0	0	393
1	0	0	0	0	651
2	0	0	0	0	395
3	0	0	0	0	652
4	0	0	0	0	392
5	0	0	0	0	662
6	0	0	0	0	392
7	0	0	0	0	653
8	0	0	0	0	391
9	0	0	0	0	652
10	0	0	0	0	389
11	0	0	0	0	659
12	0	0	0	0	392
13	0	0	0	0	653
14	0	0	0	0	396
15	0	0	0	0	653
0	0	0	0	0	386
1	0	0	0	0	660
2	0	0	0	0	391
3	0	0	0	0	656
4	0	0	0	0	391
5	0	0	0	0	659
6	0	0	0	0	396
7	0	0	0	0	656
8	0	0	0	0	390
9	0	0	0	0	659
10	0	0	0	0	388
11	0	0	0	0	660
12	0	0	0	0	387
13	0	0	0	0	651
14	0	0	0	0	397
15	0	0	0	0	654
0	0	0	0	0	395
1	0	0	0	0	662
2	0	0	0	0	385
3	0	0	0	0	654
4	0	0	0	0	389
5	0	0	0	0	661
6	0	0	0	0	388
7	0	0	0	0	662
8	0	0	0	0	391
9	0	0	0	0	661
10	0	0	0	0	394
11	0	0	0	0	655
12	0	0	0	0	391
13	0	0	0	0	656
14	0	0	0	0	390
15	0	0	0	0	664
0	0	0	0	0	387
1	0	0	0	0	656
2	0	0	0	0	390
3	0	0	0	0	656
4	0	0	0	0	389
5	0	0	0	0	656
6	0	0	0	0	388
7	0	0	0	0	656
8	0	0	0	0	383
9	0	0	0	0	662
10	0	0	0	0	386
11	0	0	0	0	663
12	0	0	0	0	388
13	0	0	0	0	661
14	0	0	0	0	387
15	0	0	0	0	663
0	0	0	0	0	382
1	0	0	0	0	653
2	0	0	0	0	383
3	0	0	0	0	660
4	0	0	0	0	395
5	0	0	0	0	656
6	0	0	0	0	390
7	0	0	0	0	664
8	0	0	0	0	392
9	0	0	0	0	656
10	0	0	0	0	389
11	0	0	0	0	660
12	0	0	0	0	391
13	0	0	0	0	659
14	0	0	0	0	387
15	0	0	0	0	663
0	0	0	0	0	388
1	0	0	0	0	660
2	0	0	0	0	387
3	0	0	0	0	667
4	0	0	0	0	391
5	0	0	0	0	662
6	0	0	0	0	391
7	0	0	0	0	666
8	0	0	0	0	390
9	0	0	0	0	666
10	0	0	0	0	385
11	0	0	0	0	658
12	0	0	0	0	383
13	0	0	0	0	666
14	0	0	0	0	386
15	0	0	0	0	657
0	0	0	0	0	387
1	0	0	0	0	664
2	0	0	0	0	386
3	0	0	0	0	657
4	0	0	0	0	383
5	0	0	0	0	666
6	0	0	0	0	386
7	0	0	0	0	662
8	0	0	0	0	386
9	0	0	0	0	662
10	0	0	0	0	381
11	0	0	0	0	665
12	0	0	0	0	382
13	0	0	0	0	658
14	0	0	0	0	389
15	0	0	0	0	657
0	0	0	0	0	385
1	0	0	0	0	660
2	0	0	0	0	388
3	0	0	0	0	663
4	0	0	0	0	392
5	0	0	0	0	668
6	0	0	0	0	384
7	0	0	0	0	664
8	0	0	0	0	389
9	0	0	0	0	664
10	0	0	0	0	391
11	0	0	0	0	660
12	0	0	0	0	381
13	0	0	0	0	664
14	0	0	0	0	378
15	0	0	0	0	660
0	0	0	0	0	387
1	0	0	0	0	660
2	0	0	0	0	387
3	0	0	0	0	656
4	0	0	0	0	381
5	0	0	0	0	658
6	0	0	0	0	377
7	0	0	0	0	659
8	0	0	0	0	380
9	0	0	0	0	661
10	0	0	0	0	386
11	0	0	0	0	660
12	0	0	0	0	395
13	0	0	0	0	655
14	0	0	0	0	386
15	0	0	0	0	665
0	0	0	0	0	381
1	0	0	0	0	660
2	0	0	0	0	388
3	0	0	0	0	658
4	0	0	0	0	382
5	0	0	0	0	666
6	0	0	0	0	390
7	0	0	0	0	659
8	0	0	0	0	381
9	0	0	0	0	663
10	0	0	0	0	388
11	0	0	0	0	660
12	0	0	0	0	378
13	0	0	0	0	667
14	0	0	0	0	388
15	0	0	0	0	667
0	0	0	0	0	378
1	0	0	0	0	663
2	0	0	0	0	380
3	0	0	0	0	659
4	0	0	0	0	387
5	0	0	0	0	663
6	0	0	0	0	390
7	0	0	0	0	659
8	0	0	0	0	382
9	0	0	0	0	661
10	0	0	0	0	381
11	0	0	0	0	659
12	0	0	0	0	379
13	0	0	0	0	664
14	0	0	0	0	381
15	0	0	0	0	669
0	0	0	0	0	387
1	0	0	0	0	656
2	0	0	0	0	379
3	0	0	0	0	663
4	0	0	0	0	390
5	0	0	0	0	656
6	0	0	0	0	383
7	0	0	0	0	665
8	0	0	0	0	378
9	0	0	0	0	658
10	0	0	0	0	378
11	0	0	0	0	668
12	0	0	0	0	387
13	0	0	0	0	657
14	0	0	0	0	387
15	0	0	0	0	667
0	0	0	0	0	379
1	0	0	0	0	667
2	0	0	0	0	390
3	0	0	0	0	662
4	0	0	0	0	389
5	0	0	0	0	656
6	0	0	0	0	379
7	0	0	0	0	666
8	0	0	0	0	373
9	0	0	0	0	663
10	0	0	0	0	387
11	0	0	0	0	666
12	0	0	0	0	382
13	0	0	0	0	663
14	0	0	0	0	375
15	0	0	0	0	665
0	0	0	0	0	381
1	0	0	0	0	666
2	0	0	0	0	388
3	0	0	0	0	667
4	0	0	0	0	384
5	0	0	0	0	668
6	0	0	0	0	375
7	0	0	0	0	667
8	0	0	0	0	381
9	0	0	0	0	661
10	0	0	0	0	374
11	0	0	0	0	667
12	0	0	0	0	383
13	0	0	0	0	663
14	0	0	0	0	374
15	0	0	0	0	661
0	0	0	0	0	372
1	0	0	0	0	663
2	0	0	0	0	381
3	0	0	0	0	660
4	0	0	0	0	383
5	0	0	0	0	658
6	0	0	0	0	378
7	0	0	0	0	665
8	0	0	0	0	385
9	0	0	0	0	667
10	0	0	0	0	381
11	0	0	0	0	661
12	0	0	0	0	375
13	0	0	0	0	672
14	0	0	0	0	377
15	0	0	0	0	665
0	0	0	0	0	375
1	0	0	0	0	663
2	0	0	0	0	383
3	0	0	0	0	665
4	0	0	0	0	381
5	0	0	0	0	662
6	0	0	0	0	379
7	0	0	0	0	664
8	0	0	0	0	377
9	0	0	0	0	667
10	0	0	0	0	372
11	0	0	0	0	655
12	0	0	0	0	381
13	0	0	0	0	665
14	0	0	0	0	379
15	0	0	0	0	664
0	0	0	0	0	384
1	0	0	0	0	671
2	0	0	0	0	380
3	0	0	0	0	671
4	0	0	0	0	381
5	0	0	0	0	660
6	0	0	0	0	381
7	0	0	0	0	661
8	0	0	0	0	374
9	0	0	0	0	668
10	0	0	0	0	381
11	0	0	0	0	654
12	0	0	0	0	379
13	0	0	0	0	660
14	0	0	0	0	378
15	0	0	0	0	662
0	0	0	0	0	382
1	0	0	0	0	670
2	0	0	0	0	374
3	0	0	0	0	659
4	0	0	0	0	373
5	0	0	0	0	665
6	0	0	0	0	374
7	0	0	0	0	666
8	0	0	0	0	380
9	0	0	0	0	670
10	0	0	0	0	379
11	0	0	0	0	665
12	0	0	0	0	389
13	0	0	0	0	669
14	0	0	0	0	375
15	0	0	0	0	658
0	0	0	0	0	385
1	0	0	0	0	665
2	0	0	0	0	374
3	0	0	0	0	670
4	0	0	0	0	375
5	0	0	0	0	661
6	0	0	0	0	378
7	0	0	0	0	669
8	0	0	0	0	383
9	0	0	0	0	663
10	0	0	0	0	374
11	0	0	0	0	663
12	0	0	0	0	373
13	0	0	0	0	670
14	0	0	0	0	380
15	0	0	0	0	667
0	0	0	0	0	379
1	0	0	0	0	663
2	0	0	0	0	380
3	0	0	0	0	665
4	0	0	0	0	384
5	0	0	0	0	662
6	0	0	0	0	379
7	0	0	0	0	668
8	0	0	0	0	372
9	0	0	0	0	665
10	0	0	0	0	372
11	0	0	0	0	664
12	0	0	0	0	381
13	0	0	0	0	660
14	0	0	0	0	380
15	0	0	0	0	667
0	0	0	0	0	378
1	0	0	0	0	671
2	0	0	0	0	382
3	0	0	0	0	667
4	0	0	0	0	377
5	0	0	0	0	667
6	0	0	0	0	375
7	0	0	0	0	664
8	0	0	0	0	379
9	0	0	0	0	664
10	0	0	0	0	379
11	0	0	0	0	667
12	0	0	0	0	381
13	0	0	0	0	668
14	0	0	0	0	379
15	0	0	0	0	673
0	0	0	0	0	375
1	0	0	0	0	661
2	0	0	0	0	384
3	0	0	0	0	668
4	0	0	0	0	375
5	0	0	0	0	662
6	0	0	0	0	371
7	0	0	0	0	665
8	0	0	0	0	381
9	0	0	0	0	669
10	0	0	0	0	384
11	0	0	0	0	664
12	0	0	0	0	376
13	0	0	0	0	665
14	0	0	0	0	374
15	0	0	0	0	669
0	0	0	0	0	381
1	0	0	0	0	667
2	0	0	0	0	378
3	0	0	0	0	674
4	0	0	0	0	372
5	0	0	0	0	664
6	0	0	0	0	381
7	0	0	0	0	655
8	0	0	0	0	374
9	0	0	0	0	659
10	0	0	0	0	383
11	0	0	0	0	666
12	0	0	0	0	373
13	0	0	0	0	673
14	0	0	0	0	389
15	0	0	0	0	667
0	0	0	0	0	384
1	0	0	0	0	664
2	0	0	0	0	379
3	0	0	0	0	665
4	0	0	0	0	381
5	0	0	0	0	675
6	0	0	0	0	370
7	0	0	0	0	661
8	0	0	0	0	369
9	0	0	0	0	662
10	0	0	0	0	377
11	0	0	0	0	663
12	0	0	0	0	373
13	0	0	0	0	664
14	0	0	0	0	383
15	0	0	0	0	667
0	0	0	0	0	375
1	0	0	0	0	669
2	0	0	0	0	380
3	0	0	0	0	664
4	0	0	0	0	378
5	0	0	0	0	661
6	0	0	0	0	377
7	0	0	0	0	660
8	0	0	0	0	377
9	0	0	0	0	666
10	0	0	0	0	372
11	0	0	0	0	666
12	0	0	0	0	379
13	0	0	0	0	667
14	0	0	0	0	380
15	0	0	0	0	659
0	0	0	0	0	384
1	0	0	0	0	660
2	0	0	0	0	371
3	0	0	0	0	661
4	0	0	0	0	375
5	0	0	0	0	665
6	0	0	0	0	383
7	0	0	0	0	657
8	0	0	0	0	375
9	0	0	0	0	660
10	0	0	0	0	375
11	0	0	0	0	666
12	0	0	0	0	372
13	0	0	0	0	669
14	0	0	0	0	381
15	0	0	0	0	659
0	0	0	0	0	382
1	0	0	0	0	669
2	0	0	0	0	384
3	0	0	0	0	659
4	0	0	0	0	378
5	0	0	0	0	661
6	0	0	0	0	379
7	0	0	0	0	664
8	0	0	0	0	378
9	0	0	0	0	660
10	0	0	0	0	379
11	0	0	0	0	669
12	0	0	0	0	377
13	0	0	0	0	664
14	0	0	0	0	369
15	0	0	0	0	659
0	0	0	0	0	382
1	0	0	0	0	664
2	0	0	0	0	379
3	0	0	0	0	666
4	0	0	0	0	379
5	0	0	0	0	666
6	0	0	0	0	389
7	0	0	0	0	669
8	0	0	0	0	372
9	0	0	0	0	663
10	0	0	0	0	376
11	0	0	0	0	667
12	0	0	0	0	372
13	0	0	0	0	658
14	0	0	0	0	379
15	0	0	0	0	665
0	0	0	0	0	376
1	0	0	0	0	664
2	0	0	0	0	384
3	0	0	0	0	664
4	0	0	0	0	378
5	0	0	0	0	665
6	0	0	0	0	379
7	0	0	0	0	667
8	0	0	0	0	379
9	0	0	0	0	664
10	0	0	0	0	380
11	0	0	0	0	667
12	0	0	0	0	369
13	0	0	0	0	669
14	0	0	0	0	385
15	0	0	0	0	665
0	0	0	0	0	375
1	0	0	0	0	668
2	0	0	0	0	379
3	0	0	0	0	659
4	0	0	0	0	383
5	0	0	0	0	663
6	0	0	0	0	380
7	0	0	0	0	671
8	0	0	0	0	379
9	0	0	0	0	660
10	0	0	0	0	373
11	0	0	0	0	667
12	0	0	0	0	382
13	0	0	0	0	666
14	0	0	0	0	371
15	0	0	0	0	666
0	0	0	0	0	375
1	0	0	0	0	670
2	0	0	0	0	379
3	0	0	0	0	665
4	0	0	0	0	370
5	0	0	0	0	666
6	0	0	0	0	383
7	0	0	0	0	656
8	0	0	0	0	375
9	0	0	0	0	664
10	0	0	0	0	378
11	0	0	0	0	661
12	0	0	0	0	375
13	0	0	0	0	661
14	0	0	0	0	377
15	0	0	0	0	663
0	0	0	0	0	374
1	0	0	0	0	665
2	0	0	0	0	371
3	0	0	0	0	671
4	0	0	0	0	375
5	0	0	0	0	667
6	0	0	0	0	382
7	0	0	0	0	659
8	0	0	0	0	372
9	0	0	0	0	669
10	0	0	0	0	378
11	0	0	0	0	664
12	0	0	0	0	378
13	0	0	0	0	664
14	0	0	0	0	377
15	0	0	0	0	663
0	0	0	0	0	376
1	0	0	0	0	670
2	0	0	0	0	374
3	0	0	0	0	667
4	0	0	0	0	370
5	0	0	0	0	670
6	0	0	0	0	378
7	0	0	0	0	665
8	0	0	0	0	377
9	0	0	0	0	666
10	0	0	0	0	381
11	0	0	0	0	668
12	0	0	0	0	375
13	0	0	0	0	665
14	0	0	0	0	375
15	0	0	0	0	668
0	0	0	0	0	375
1	0	0	0	0	668
2	0	0	0	0	378
3	0	0	0	0	660
4	0	0	0	0	371
5	0	0	0	0	663
6	0	0	0	0	382
7	0	0	0	0	667
8	0	0	0	0	370
9	0	0	0	0	671
10	0	0	0	0	383
11	0	0	0	0	664
12	0	0	0	0	372
13	0	0	0	0	659
14	0	0	0	0	373
15	0	0	0	0	663
0	0	0	0	0	376
1	0	0	0	0	666
2	0	0	0	0	375
3	0	0	0	0	665
4	0	0	0	0	374
5	0	0	0	0	665
6	0	0	0	0	377
7	0	0	0	0	670
8	0	0	0	0	382
9	0	0	0	0	663
10	0	0	0	0	375
11	0	0	0	0	664
12	0	0	0	0	373
13	0	0	0	0	660
14	0	0	0	0	378
15	0	0	0	0	663
0	0	0	0	0	379
1	0	0	0	0	668
2	0	0	0	0	378
3	0	0	0	0	664
4	0	0	0	0	381
5	0	0	0	0	662
6	0	0	0	0	376
7	0	0	0	0	663
8	0	0	0	0	377
9	0	0	0	0	665
10	0	0	0	0	379
11	0	0	0	0	663
12	0	0	0	0	381
13	0	0	0	0	667
14	0	0	0	0	384
15	0	0	0	0	659
0	0	0	0	0	371
1	0	0	0	0	666
2	0	0	0	0	378
3	0	0	0	0	669
4	0	0	0	0	381
5	0	0	0	0	663
6	0	0	0	0	371
7	0	0	0	0	668
8	0	0	0	0	374
9	0	0	0	0	659
10	0	0	0	0	375
11	0	0	0	0	667
12	0	0	0	0	384
13	0	0	0	0	659
14	0	0	0	0	379
15	0	0	0	0	663
0	0	0	0	0	373
1	0	0	0	0	663
2	0	0	0	0	371
3	0	0	0	0	668
4	0	0	0	0	370
5	0	0	0	0	662
6	0	0	0	0	370
7	0	0	0	0	662
8	0	0	0	0	379
9	0	0	0	0	670
10	0	0	0	0	371
11	0	0	0	0	668
12	0	0	0	0	375
13	0	0	0	0	663
14	0	0	0	0	374
15	0	0	0	0	656
0	0	0	0	0	381
1	0	0	0	0	664
2	0	0	0	0	374
3	0	0	0	0	668
4	0	0	0	0	375
5	0	0	0	0	672
6	0	0	0	0	379
7	0	0	0	0	659
8	0	0	0	0	384
9	0	0	0	0	660
10	0	0	0	0	381
11	0	0	0	0	659
12	0	0	0	0	385
13	0	0	0	0	666
14	0	0	0	0	378
15	0	0	0	0	661
0	0	0	0	0	375
1	0	0	0	0	667
2	0	0	0	0	380
3	0	0	0	0	662
4	0	0	0	0	376
5	0	0	0	0	661
6	0	0	0	0	381
7	0	0	0	0	668
8	0	0	0	0	373
9	0	0	0	0	661
10	0	0	0	0	384
11	0	0	0	0	659
12	0	0	0	0	373
13	0	0	0	0	663
14	0	0	0	0	372
15	0	0	0	0	663
0	0	0	0	0	375
1	0	0	0	0	667
2	0	0	0	0	382
3	0	0	0	0	666
4	0	0	0	0	383
5	0	0	0	0	669
6	0	0	0	0	372
7	0	0	0	0	661
8	0	0	0	0	372
9	0	0	0	0	672
10	0	0	0	0	376
11	0	0	0	0	668
12	0	0	0	0	379
13	0	0	0	0	667
14	0	0	0	0	380
15	0	0	0	0	663
0	0	0	0	0	372
1	0	0	0	0	663
2	0	0	0	0	381
3	0	0	0	0	670
4	0	0	0	0	383
5	0	0	0	0	660
6	0	0	0	0	375
7	0	0	0	0	666
8	0	0	0	0	375
9	0	0	0	0	662
10	0	0	0	0	373
11	0	0	0	0	659
12	0	0	0	0	378
13	0	0	0	0	665
14	0	0	0	0	374
15	0	0	0	0	667
0	0	0	0	0	378
1	0	0	0	0	671
2	0	0	0	0	380
3	0	0	0	0	661
4	0	0	0	0	381
5	0	0	0	0	662
6	0	0	0	0	377
7	0	0	0	0	668
8	0	0	0	0	366
9	0	0	0	0	667
10	0	0	0	0	381
11	0	0	0	0	661
12	0	0	0	0	378
13	0	0	0	0	657
14	0	0	0	0	372
15	0	0	0	0	660
0	0	0	0	0	377
1	0	0	0	0	666
2	0	0	0	0	377
3	0	0	0	0	659
4	0	0	0	0	380
5	0	0	0	0	665
6	0	0	0	0	379
7	0	0	0	0	662
8	0	0	0	0	378
9	0	0	0	0	666
10	0	0	0	0	376
11	0	0	0	0	666
12	0	0	0	0	383
13	0	0	0	0	663
14	0	0	0	0	376
15	0	0	0	0	662
0	0	0	0	0	386
1	0	0	0	0	662
2	0	0	0	0	371
3	0	0	0	0	661
4	0	0	0	0	378
5	0	0	0	0	676
6	0	0	0	0	380
7	0	0	0	0	666
8	0	0	0	0	376
9	0	0	0	0	666
10	0	0	0	0	373
11	0	0	0	0	663
12	0	0	0	0	375
13	0	0	0	0	669
14	0	0	0	0	378
15	0	0	0	0	669
0	0	0	0	0	380
1	0	0	0	0	664
2	0	0	0	0	378
3	0	0	0	0	665
4	0	0	0	0	375
5	0	0	0	0	664
6	0	0	0	0	376
7	0	0	0	0	667
8	0	0	0	0	375
9	0	0	0	0	666
10	0	0	0	0	373
11	0	0	0	0	664
12	0	0	0	0	378
13	0	0	0	0	660
14	0	0	0	0	376
15	0	0	0	0	663
0	0	0	0	0	375
1	0	0	0	0	668
2	0	0	0	0	381
3	0	0	0	0	670
4	0	0	0	0	374
5	0	0	0	0	664
6	0	0	0	0	384
7	0	0	0	0	659
8	0	0	0	0	379
9	0	0	0	0	666
10	0	0	0	0	369
11	0	0	0	0	663
12	0	0	0	0	375
13	0	0	0	0	672
14	0	0	0	0	378
15	0	0	0	0	664
0	0	0	0	0	377
1	0	0	0	0	668
2	0	0	0	0	374
3	0	0	0	0	669
4	0	0	0	0	372
5	0	0	0	0	664
6	0	0	0	0	371
7	0	0	0	0	667
8	0	0	0	0	379
9	0	0	0	0	663
10	0	0	0	0	375
11	0	0	0	0	657
12	0	0	0	0	376
13	0	0	0	0	661
14	0	0	0	0	372
15	0	0	0	0	667
0	0	0	0	0	375
1	0	0	0	0	665
2	0	0	0	0	365
3	0	0	0	0	664
4	0	0	0	0	378
5	0	0	0	0	655
6	0	0	0	0	375
7	0	0	0	0	664
8	0	0	0	0	377
9	0	0	0	0	659
10	0	0	0	0	372
11	0	0	0	0	661
12	0	0	0	0	383
13	0	0	0	0	663
14	0	0	0	0	379
15	0	0	0	0	666
0	0	0	0	0	377
1	0	0	0	0	666
2	0	0	0	0	375
3	0	0	0	0	660
4	0	0	0	0	373
5	0	0	0	0	660
6	0	0	0	0	378
7	0	0	0	0	658
8	0	0	0	0	372
9	0	0	0	0	664
10	0	0	0	0	379
11	0	0	0	0	666
12	0	0	0	0	372
13	0	0	0	0	664
14	0	0	0	0	375
15	0	0	0	0	660
0	0	0	0	0	375
1	0	0	0	0	661
2	0	0	0	0	383
3	0	0	0	0	668
4	0	0	0	0	374
5	0	0	0	0	659
6	0	0	0	0	373
7	0	0	0	0	667
8	0	0	0	0	379
9	0	0	0	0	662
10	0	0	0	0	384
11	0	0	0	0	664
12	0	0	0	0	374
13	0	0	0	0	670
14	0	0	0	0	379
15	0	0	0	0	661
0	0	0	0	0	380
1	0	0	0	0	662
2	0	0	0	0	378
3	0	0	0	0	663
4	0	0	0	0	377
5	0	0	0	0	670
6	0	0	0	0	377
7	0	0	0	0	670
8	0	0	0	0	371
9	0	0	0	0	666
10	0	0	0	0	383
11	0	0	0	0	662
12	0	0	0	0	373
13	0	0	0	0	657
14	0	0	0	0	379
15	0	0	0	0	667
0	0	0	0	0	381
1	0	0	0	0	667
2	0	0	0	0	383
3	0	0	0	0	665
4	0	0	0	0	379
5	0	0	0	0	662
6	0	0	0	0	381
7	0	0	0	0	659
8	0	0	0	0	376
9	0	0	0	0	667
10	0	0	0	0	380
11	0	0	0	0	661
12	0	0	0	0	374
13	0	0	0	0	666
14	0	0	0	0	378
15	0	0	0	0	665
0	0	0	0	0	372
1	0	0	0	0	663
2	0	0	0	0	375
3	0	0	0	0	668
4	0	0	0	0	377
5	0	0	0	0	667
6	0	0	0	0	375
7	0	0	0	0	669
8	0	0	0	0	378
9	0	0	0	0	664
10	0	0	0	0	377
11	0	0	0	0	671
12	0	0	0	0	377
13	0	0	0	0	655
14	0	0	0	0	379
15	0	0	0	0	670
0	0	0	0	0	379
1	0	0	0	0	664
2	0	0	0	0	379
3	0	0	0	0	656
4	0	0	0	0	378
5	0	0	0	0	661
6	0	0	0	0	380
7	0	0	0	0	661
8	0	0	0	0	376
9	0	0	0	0	667
10	0	0	0	0	371
11	0	0	0	0	658
12	0	0	0	0	379
13	0	0	0	0	667
14	0	0	0	0	381
15	0	0	0	0	666
0	0	0	0	0	374
1	0	0	0	0	669
2	0	0	0	0	381
3	0	0	0	0	660
4	0	0	0	0	380
5	0	0	0	0	669
6	0	0	0	0	377
7	0	0	0	0	663
8	0	0	0	0	379
9	0	0	0	0	667
10	0	0	0	0	376
11	0	0	0	0	671
12	0	0	0	0	373
13	0	0	0	0	663
14	0	0	0	0	386
15	0	0	0	0	667
0	0	0	0	0	377
1	0	0	0	0	671
2	0	0	0	0	376
3	0	0	0	0	664
4	0	0	0	0	370
5	0	0	0	0	658
6	0	0	0	0	372
7	0	0	0	0	663
8	0	0	0	0	376
9	0	0	0	0	658
10	0	0	0	0	386
11	0	0	0	0	667
12	0	0	0	0	374
13	0	0	0	0	658
14	0	0	0	0	375
15	0	0	0	0	661
0	0	0	0	0	379
1	0	0	0	0	667
2	0	0	0	0	372
3	0	0	0	0	663
4	0	0	0	0	377
5	0	0	0	0	659
6	0	0	0	0	376
7	0	0	0	0	666
8	0	0	0	0	381
9	0	0	0	0	661
10	0	0	0	0	375
11	0	0	0	0	667
12	0	0	0	0	378
13	0	0	0	0	663
14	0	0	0	0	382
15	0	0	0	0	662
0	0	0	0	0	377
1	0	0	0	0	662
2	0	0	0	0	373
3	0	0	0	0	667
4	0	0	0	0	379
5	0	0	0	0	657
6	0	0	0	0	376
7	0	0	0	0	663
8	0	0	0	0	379
9	0	0	0	0	661
10	0	0	0	0	373
11	0	0	0	0	667
12	0	0	0	0	375
13	0	0	0	0	660
14	0	0	0	0	383
15	0	0	0	0	661
0	0	0	0	0	374
1	0	0	0	0	659
2	0	0	0	0	380
3	0	0	0	0	659
4	0	0	0	0	378
5	0	0	0	0	664
6	0	0	0	0	378
7	0	0	0	0	661
8	0	0	0	0	380
9	0	0	0	0	663
10	0	0	0	0	373
11	0	0	0	0	666
12	0	0	0	0	378
13	0	0	0	0	664
14	0	0	0	0	375
15	0	0	0	0	657
0	0	0	0	0	378
1	0	0	0	0	666
2	0	0	0	0	373
3	0	0	0	0	668
4	0	0	0	0	371
5	0	0	0	0	666
6	0	0	0	0	378
7	0	0	0	0	660
8	0	0	0	0	377
9	0	0	0	0	662
10	0	0	0	0	378
11	0	0	0	0	666
12	0	0	0	0	379
13	0	0	0	0	669
14	0	0	0	0	371
15	0	0	0	0	669
0	0	0	0	0	377
1	0	0	0	0	667
2	0	0	0	0	380
3	0	0	0	0	666
4	0	0	0	0	378
5	0	0	0	0	663
6	0	0	0	0	379
7	0	0	0	0	663
8	0	0	0	0	375
9	0	0	0	0	660
10	0	0	0	0	379
11	0	0	0	0	657
12	0	0	0	0	375
13	0	0	0	0	663
14	0	0	0	0	369
15	0	0	0	0	660
0	0	0	0	0	374
1	0	0	0	0	659
2	0	0	0	0	375
3	0	0	0	0	667
4	0	0	0	0	383
5	0	0	0	0	664
6	0	0	0	0	377
7	0	0	0	0	663
8	0	0	0	0	370
9	0	0	0	0	663
10	0	0	0	0	372
11	0	0	0	0	668
12	0	0	0	0	378
13	0	0	0	0	666
14	0	0	0	0	375
15	0	0	0	0	660
0	0	0	0	0	374
1	0	0	0	0	657
2	0	0	0	0	376
3	0	0	0	0	658
4	0	0	0	0	376