# OpenSignals Text File Format. Version 1
# {"84:BA:20:5E:FF:7F": {"position": 0, "device": "bitalino_rev", "device name": "84:BA:20:5E:FF:7F", "device connection": "BTH84:BA:20:5E:FF:7F", "sampling rate": 100, "resolution": [4, 1, 1, 1, 1, 10], "firmware version": 1282, "comments": "", "keywords": "", "mode": 0, "sync interval": 2, "date": "2024-3-6", "time": "19:2:40.159", "channels": [1], "sensor": ["EMGBITREV"], "label": ["A1"], "column": ["nSeq", "I1", "I2", "O1", "O2", "A1"], "special": [{}], "digital IO": [0, 0, 1, 1]}}
# EndOfHeader
0	0	0	0	0	362
1	0	0	0	0	565
2	0	0	0	0	363
3	0	0	0	0	573
4	0	0	0	0	367
5	0	0	0	0	561
6	0	0	0	0	369
7	0	0	0	0	562
8	0	0	0	0	369
9	0	0	0	0	564
10	0	0	0	0	367
11	0	0	0	0	558
12	0	0	0	0	369
13	0	0	0	0	571
14	0	0	0	0	377
15	0	0	0	0	558
0	0	0	0	0	381
1	0	0	0	0	559
2	0	0	0	0	371
3	0	0	0	0	574
4	0	0	0	0	365
5	0	0	0	0	566
6	0	0	0	0	372
7	0	0	0	0	561
8	0	0	0	0	362
9	0	0	0	0	554
10	0	0	0	0	371
11	0	0	0	0	555
12	0	0	0	0	377
13	0	0	0	0	570
14	0	0	0	0	373
15	0	0	0	0	560
0	0	0	0	0	381
1	0	0	0	0	558
2	0	0	0	0	376
3	0	0	0	0	555
4	0	0	0	0	381
5	0	0	0	0	557
6	0	0	0	0	379
7	0	0	0	0	561
8	0	0	0	0	378
9	0	0	0	0	554
10	0	0	0	0	385
11	0	0	0	0	553
12	0	0	0	0	377
13	0	0	0	0	562
14	0	0	0	0	377
15	0	0	0	0	546
0	0	0	0	0	386
1	0	0	0	0	558
2	0	0	0	0	376
3	0	0	0	0	549
4	0	0	0	0	387
5	0	0	0	0	553
6	0	0	0	0	384
7	0	0	0	0	557
8	0	0	0	0	389
9	0	0	0	0	545
10	0	0	0	0	378
11	0	0	0	0	555
12	0	0	0	0	384
13	0	0	0	0	550
14	0	0	0	0	395
15	0	0	0	0	536
0	0	0	0	0	389
1	0	0	0	0	546
2	0	0	0	0	389
3	0	0	0	0	545
4	0	0	0	0	398
5	0	0	0	0	548
6	0	0	0	0	389
7	0	0	0	0	543
8	0	0	0	0	398
9	0	0	0	0	540
10	0	0	0	0	394
11	0	0	0	0	544
12	0	0	0	0	398
13	0	0	0	0	535
14	0	0	0	0	404
15	0	0	0	0	540
0	0	0	0	0	405
1	0	0	0	0	539
2	0	0	0	0	401
3	0	0	0	0	526
4	0	0	0	0	406
5	0	0	0	0	543
6	0	0	0	0	408
7	0	0	0	0	533
8	0	0	0	0	406
9	0	0	0	0	532
10	0	0	0	0	408
11	0	0	0	0	539
12	0	0	0	0	404
13	0	0	0	0	523
14	0	0	0	0	409
15	0	0	0	0	539
0	0	0	0	0	410
1	0	0	0	0	532
2	0	0	0	0	405
3	0	0	0	0	529
4	0	0	0	0	414
5	0	0	0	0	535
6	0	0	0	0	404
7	0	0	0	0	525
8	0	0	0	0	415
9	0	0	0	0	530
10	0	0	0	0	410
11	0	0	0	0	524
12	0	0	0	0	421
13	0	0	0	0	520
14	0	0	0	0	416
15	0	0	0	0	537
0	0	0	0	0	405
1	0	0	0	0	525
2	0	0	0	0	413
3	0	0	0	0	525
4	0	0	0	0	419
5	0	0	0	0	523
6	0	0	0	0	424
7	0	0	0	0	513
8	0	0	0	0	428
9	0	0	0	0	535
10	0	0	0	0	411
11	0	0	0	0	531
12	0	0	0	0	423
13	0	0	0	0	518
14	0	0	0	0	416
15	0	0	0	0	520
0	0	0	0	0	432
1	0	0	0	0	507
2	0	0	0	0	434
3	0	0	0	0	523
4	0	0	0	0	434
5	0	0	0	0	519
6	0	0	0	0	437
7	0	0	0	0	508
8	0	0	0	0	426
9	0	0	0	0	518
10	0	0	0	0	437
11	0	0	0	0	507
12	0	0	0	0	440
13	0	0	0	0	510
14	0	0	0	0	451
15	0	0	0	0	494
0	0	0	0	0	467
1	0	0	0	0	481
2	0	0	0	0	471
3	0	0	0	0	483
4	0	0	0	0	471
5	0	0	0	0	481
6	0	0	0	0	474
7	0	0	0	0	482
8	0	0	0	0	466
9	0	0	0	0	480
10	0	0	0	0	481
11	0	0	0	0	481
12	0	0	0	0	474
13	0	0	0	0	480
14	0	0	0	0	472
15	0	0	0	0	479
0	0	0	0	0	477
1	0	0	0	0	473
2	0	0	0	0	482
3	0	0	0	0	476
4	0	0	0	0	469
5	0	0	0	0	480
6	0	0	0	0	471
7	0	0	0	0	483
8	0	0	0	0	466
9	0	0	0	0	480
10	0	0	0	0	464
11	0	0	0	0	491
12	0	0	0	0	462
13	0	0	0	0	485
14	0	0	0	0	461
15	0	0	0	0	492
0	0	0	0	0	455
1	0	0	0	0	502
2	0	0	0	0	462
3	0	0	0	0	494
4	0	0	0	0	460
5	0	0	0	0	488
6	0	0	0	0	467
7	0	0	0	0	495
8	0	0	0	0	454
9	0	0	0	0	492
10	0	0	0	0	455
11	0	0	0	0	495
12	0	0	0	0	458
13	0	0	0	0	499
14	0	0	0	0	442
15	0	0	0	0	557
0	0	0	0	0	384
1	0	0	0	0	537
2	0	0	0	0	385
3	0	0	0	0	552
4	0	0	0	0	391
5	0	0	0	0	545
6	0	0	0	0	385
7	0	0	0	0	569
8	0	0	0	0	379
9	0	0	0	0	554
10	0	0	0	0	385
11	0	0	0	0	571
12	0	0	0	0	378
13	0	0	0	0	572
14	0	0	0	0	382
15	0	0	0	0	558
0	0	0	0	0	389
1	0	0	0	0	566
2	0	0	0	0	375
3	0	0	0	0	554
4	0	0	0	0	378
5	0	0	0	0	566
6	0	0	0	0	369
7	0	0	0	0	572
8	0	0	0	0	378
9	0	0	0	0	558
10	0	0	0	0	375
11	0	0	0	0	578
12	0	0	0	0	363
13	0	0	0	0	585
14	0	0	0	0	370
15	0	0	0	0	563
0	0	0	0	0	360
1	0	0	0	0	578
2	0	0	0	0	363
3	0	0	0	0	573
4	0	0	0	0	359
5	0	0	0	0	593
6	0	0	0	0	346
7	0	0	0	0	596
8	0	0	0	0	347
9	0	0	0	0	586
10	0	0	0	0	352
11	0	0	0	0	601
12	0	0	0	0	345
13	0	0	0	0	588
14	0	0	0	0	346
15	0	0	0	0	604
0	0	0	0	0	331
1	0	0	0	0	621
2	0	0	0	0	335
3	0	0	0	0	589
4	0	0	0	0	328
5	0	0	0	0	614
6	0	0	0	0	323
7	0	0	0	0	622
8	0	0	0	0	327
9	0	0	0	0	610
10	0	0	0	0	323
11	0	0	0	0	617
12	0	0	0	0	326
13	0	0	0	0	600
14	0	0	0	0	318
15	0	0	0	0	625
0	0	0	0	0	314
1	0	0	0	0	630
2	0	0	0	0	313
3	0	0	0	0	606
4	0	0	0	0	316
5	0	0	0	0	630
6	0	0	0	0	313
7	0	0	0	0	635
8	0	0	0	0	310
9	0	0	0	0	629
10	0	0	0	0	305
11	0	0	0	0	629
12	0	0	0	0	308
13	0	0	0	0	617
14	0	0	0	0	304
15	0	0	0	0	639
0	0	0	0	0	298
1	0	0	0	0	639
2	0	0	0	0	306
3	0	0	0	0	634
4	0	0	0	0	297
5	0	0	0	0	643
6	0	0	0	0	305
7	0	0	0	0	620
8	0	0	0	0	301
9	0	0	0	0	642
10	0	0	0	0	290
11	0	0	0	0	649
12	0	0	0	0	295
13	0	0	0	0	625
14	0	0	0	0	306
15	0	0	0	0	643
0	0	0	0	0	297
1	0	0	0	0	645
2	0	0	0	0	303
3	0	0	0	0	643
4	0	0	0	0	296
5	0	0	0	0	647
6	0	0	0	0	294
7	0	0	0	0	629
8	0	0	0	0	306
9	0	0	0	0	650
10	0	0	0	0	296
11	0	0	0	0	649
12	0	0	0	0	302
13	0	0	0	0	634
14	0	0	0	0	307
15	0	0	0	0	645
0	0	0	0	0	304
1	0	0	0	0	633
2	0	0	0	0	299
3	0	0	0	0	648
4	0	0	0	0	294
5	0	0	0	0	640
6	0	0	0	0	307
7	0	0	0	0	636
8	0	0	0	0	305
9	0	0	0	0	641
10	0	0	0	0	298
11	0	0	0	0	634
12	0	0	0	0	299
13	0	0	0	0	644
14	0	0	0	0	307
15	0	0	0	0	643
0	0	0	0	0	302
1	0	0	0	0	625
2	0	0	0	0	300
3	0	0	0	0	641
4	0	0	0	0	307
5	0	0	0	0	635
6	0	0	0	0	305
7	0	0	0	0	643
8	0	0	0	0	302
9	0	0	0	0	646
10	0	0	0	0	310
11	0	0	0	0	637
12	0	0	0	0	301
13	0	0	0	0	642
14	0	0	0	0	294
15	0	0	0	0	636
0	0	0	0	0	306
1	0	0	0	0	638
2	0	0	0	0	308
3	0	0	0	0	649
4	0	0	0	0	303
5	0	0	0	0	637
6	0	0	0	0	303
7	0	0	0	0	639
8	0	0	0	0	306
9	0	0	0	0	636
10	0	0	0	0	297
11	0	0	0	0	625
12	0	0	0	0	309
13	0	0	0	0	637
14	0	0	0	0	308
15	0	0	0	0	637
0	0	0	0	0	307
1	0	0	0	0	622
2	0	0	0	0	313
3	0	0	0	0	638
4	0	0	0	0	310
5	0	0	0	0	639
6	0	0	0	0	305
7	0	0	0	0	638
8	0	0	0	0	302
9	0	0	0	0	635
10	0	0	0	0	307
11	0	0	0	0	629
12	0	0	0	0	303
13	0	0	0	0	632
14	0	0	0	0	307
15	0	0	0	0	635
0	0	0	0	0	309
1	0	0	0	0	632
2	0	0	0	0	314
3	0	0	0	0	638
4	0	0	0	0	302
5	0	0	0	0	632
6	0	0	0	0	299
7	0	0	0	0	629
8	0	0	0	0	309
9	0	0	0	0	630
10	0	0	0	0	307
11	0	0	0	0	636
12	0	0	0	0	309
13	0	0	0	0	632
14	0	0	0	0	307
15	0	0	0	0	630
0	0	0	0	0	305
1	0	0	0	0	630
2	0	0	0	0	305
3	0	0	0	0	638
4	0	0	0	0	309
5	0	0	0	0	627
6	0	0	0	0	321
7	0	0	0	0	625
8	0	0	0	0	311
9	0	0	0	0	633
10	0	0	0	0	313
11	0	0	0	0	629
12	0	0	0	0	308
13	0	0	0	0	625
14	0	0	0	0	310
15	0	0	0	0	632
0	0	0	0	0	307
1	0	0	0	0	623
2	0	0	0	0	318
3	0	0	0	0	624
4	0	0	0	0	313
5	0	0	0	0	622
6	0	0	0	0	315
7	0	0	0	0	619
8	0	0	0	0	317
9	0	0	0	0	625
10	0	0	0	0	313
11	0	0	0	0	631
12	0	0	0	0	312
13	0	0	0	0	621
14	0	0	0	0	314
15	0	0	0	0	622
0	0	0	0	0	324
1	0	0	0	0	622
2	0	0	0	0	318
3	0	0	0	0	620
4	0	0	0	0	316
5	0	0	0	0	623
6	0	0	0	0	329
7	0	0	0	0	617
8	0	0	0	0	317
9	0	0	0	0	622
10	0	0	0	0	313
11	0	0	0	0	622
12	0	0	0	0	320
13	0	0	0	0	610
14	0	0	0	0	314
15	0	0	0	0	618
0	0	0	0	0	326
1	0	0	0	0	624
2	0	0	0	0	323
3	0	0	0	0	626
4	0	0	0	0	322
5	0	0	0	0	619
6	0	0	0	0	317
7	0	0	0	0	617
8	0	0	0	0	319
9	0	0	0	0	624
10	0	0	0	0	327
11	0	0	0	0	621
12	0	0	0	0	319
13	0	0	0	0	629
14	0	0	0	0	328
15	0	0	0	0	622
0	0	0	0	0	325
1	0	0	0	0	618
2	0	0	0	0	318
3	0	0	0	0	617
4	0	0	0	0	326
5	0	0	0	0	615
6	0	0	0	0	317
7	0	0	0	0	624
8	0	0	0	0	324
9	0	0	0	0	623
10	0	0	0	0	321
11	0	0	0	0	618
12	0	0	0	0	318
13	0	0	0	0	624
14	0	0	0	0	316
15	0	0	0	0	615
0	0	0	0	0	331
1	0	0	0	0	618
2	0	0	0	0	322
3	0	0	0	0	614
4	0	0	0	0	330
5	0	0	0	0	618
6	0	0	0	0	311
7	0	0	0	0	618
8	0	0	0	0	319
9	0	0	0	0	616
10	0	0	0	0	327
11	0	0	0	0	620
12	0	0	0	0	321
13	0	0	0	0	624
14	0	0	0	0	325
15	0	0	0	0	616
0	0	0	0	0	320
1	0	0	0	0	617
2	0	0	0	0	318
3	0	0	0	0	614
4	0	0	0	0	329
5	0	0	0	0	615
6	0	0	0	0	329
7	0	0	0	0	611
8	0	0	0	0	323
9	0	0	0	0	616
10	0	0	0	0	328
11	0	0	0	0	622
12	0	0	0	0	318
13	0	0	0	0	619
14	0	0	0	0	326
15	0	0	0	0	616
0	0	0	0	0	327
1	0	0	0	0	613
2	0	0	0	0	324
3	0	0	0	0	618
4	0	0	0	0	332
5	0	0	0	0	609
6	0	0	0	0	323
7	0	0	0	0	612
8	0	0	0	0	321
9	0	0	0	0	623
10	0	0	0	0	326
11	0	0	0	0	616
12	0	0	0	0	318
13	0	0	0	0	617
14	0	0	0	0	332
15	0	0	0	0	616
0	0	0	0	0	318
1	0	0	0	0	617
2	0	0	0	0	333
3	0	0	0	0	604
4	0	0	0	0	326
5	0	0	0	0	610
6	0	0	0	0	326
7	0	0	0	0	608
8	0	0	0	0	326
9	0	0	0	0	613
10	0	0	0	0	329
11	0	0	0	0	613
12	0	0	0	0	326
13	0	0	0	0	615
14	0	0	0	0	327
15	0	0	0	0	616
0	0	0	0	0	322
1	0	0	0	0	614
2	0	0	0	0	329
3	0	0	0	0	615
4	0	0	0	0	325
5	0	0	0	0	612
6	0	0	0	0	324
7	0	0	0	0	613
8	0	0	0	0	328
9	0	0	0	0	613
10	0	0	0	0	326
11	0	0	0	0	607
12	0	0	0	0	321
13	0	0	0	0	619
14	0	0	0	0	327
15	0	0	0	0	617
0	0	0	0	0	330
1	0	0	0	0	612
2	0	0	0	0	323
3	0	0	0	0	617
4	0	0	0	0	329
5	0	0	0	0	622
6	0	0	0	0	326
7	0	0	0	0	612
8	0	0	0	0	323
9	0	0	0	0	616
10	0	0	0	0	318
11	0	0	0	0	623
12	0	0	0	0	326
13	0	0	0	0	608
14	0	0	0	0	324
15	0	0	0	0	611
0	0	0	0	0	323
1	0	0	0	0	604
2	0	0	0	0	333
3	0	0	0	0	614
4	0	0	0	0	325
5	0	0	0	0	622
6	0	0	0	0	327
7	0	0	0	0	612
8	0	0	0	0	329
9	0	0	0	0	622
10	0	0	0	0	326
11	0	0	0	0	615
12	0	0	0	0	328
13	0	0	0	0	618
14	0	0	0	0	328
15	0	0	0	0	619
0	0	0	0	0	325
1	0	0	0	0	613
2	0	0	0	0	334
3	0	0	0	0	615
4	0	0	0	0	318
5	0	0	0	0	613
6	0	0	0	0	328
7	0	0	0	0	617
8	0	0	0	0	332
9	0	0	0	0	619
10	0	0	0	0	330
11	0	0	0	0	618
12	0	0	0	0	329
13	0	0	0	0	612
14	0	0	0	0	329
15	0	0	0	0	615
0	0	0	0	0	323
1	0	0	0	0	613
2	0	0	0	0	329
3	0	0	0	0	611
4	0	0	0	0	320
5	0	0	0	0	619
6	0	0	0	0	326
7	0	0	0	0	616
8	0	0	0	0	319
9	0	0	0	0	617
10	0	0	0	0	331
11	0	0	0	0	620
12	0	0	0	0	323
13	0	0	0	0	607
14	0	0	0	0	324
15	0	0	0	0	615
0	0	0	0	0	325
1	0	0	0	0	610
2	0	0	0	0	325
3	0	0	0	0	617
4	0	0	0	0	318
5	0	0	0	0	622
6	0	0	0	0	328
7	0	0	0	0	619
8	0	0	0	0	318
9	0	0	0	0	625
10	0	0	0	0	323
11	0	0	0	0	624
12	0	0	0	0	314
13	0	0	0	0	619
14	0	0	0	0	319
15	0	0	0	0	618
0	0	0	0	0	328
1	0	0	0	0	612
2	0	0	0	0	323
3	0	0	0	0	628
4	0	0	0	0	317
5	0	0	0	0	625
6	0	0	0	0	319
7	0	0	0	0	622
8	0	0	0	0	321
9	0	0	0	0	622
10	0	0	0	0	321
11	0	0	0	0	626
12	0	0	0	0	321
13	0	0	0	0	618
14	0	0	0	0	314
15	0	0	0	0	622
0	0	0	0	0	325
1	0	0	0	0	618
2	0	0	0	0	314
3	0	0	0	0	620
4	0	0	0	0	317
5	0	0	0	0	618
6	0	0	0	0	318
7	0	0	0	0	620
8	0	0	0	0	317
9	0	0	0	0	621
10	0	0	0	0	321
11	0	0	0	0	619
12	0	0	0	0	318
13	0	0	0	0	620
14	0	0	0	0	317
15	0	0	0	0	621
0	0	0	0	0	319
1	0	0	0	0	619
2	0	0	0	0	314
3	0	0	0	0	620
4	0	0	0	0	317
5	0	0	0	0	617
6	0	0	0	0	317
7	0	0	0	0	620
8	0	0	0	0	313
9	0	0	0	0	622
10	0	0	0	0	322
11	0	0	0	0	624
12	0	0	0	0	318
13	0	0	0	0	622
14	0	0	0	0	319
15	0	0	0	0	616
0	0	0	0	0	322
1	0	0	0	0	619
2	0	0	0	0	322
3	0	0	0	0	614
4	0	0	0	0	319
5	0	0	0	0	613
6	0	0	0	0	319
7	0	0	0	0	627
8	0	0	0	0	318
9	0	0	0	0	625
10	0	0	0	0	320
11	0	0	0	0	618
12	0	0	0	0	318
13	0	0	0	0	618
14	0	0	0	0	320
15	0	0	0	0	624
0	0	0	0	0	318
1	0	0	0	0	628
2	0	0	0	0	323
3	0	0	0	0	621
4	0	0	0	0	320
5	0	0	0	0	624
6	0	0	0	0	324
7	0	0	0	0	618
8	0	0	0	0	317
9	0	0	0	0	618
10	0	0	0	0	312
11	0	0	0	0	625
12	0	0	0	0	310
13	0	0	0	0	619
14	0	0	0	0	320
15	0	0	0	0	618
0	0	0	0	0	318
1	0	0	0	0	625
2	0	0	0	0	321
3	0	0	0	0	618
4	0	0	0	0	318
5	0	0	0	0	620
6	0	0	0	0	321
7	0	0	0	0	622
8	0	0	0	0	317
9	0	0	0	0	623
10	0	0	0	0	316
11	0	0	0	0	633
12	0	0	0	0	318
13	0	0	0	0	626
14	0	0	0	0	324
15	0	0	0	0	621
0	0	0	0	0	316
1	0	0	0	0	626
2	0	0	0	0	323
3	0	0	0	0	624
4	0	0	0	0	314
5	0	0	0	0	620
6	0	0	0	0	318
7	0	0	0	0	620
8	0	0	0	0	317
9	0	0	0	0	623
10	0	0	0	0	323
11	0	0	0	0	615
12	0	0	0	0	313
13	0	0	0	0	617
14	0	0	0	0	317
15	0	0	0	0	617
0	0	0	0	0	320
1	0	0	0	0	628
2	0	0	0	0	313
3	0	0	0	0	627
4	0	0	0	0	320
5	0	0	0	0	624
6	0	0	0	0	322
7	0	0	0	0	625
8	0	0	0	0	318
9	0	0	0	0	624
10	0	0	0	0	329
11	0	0	0	0	624
12	0	0	0	0	314
13	0	0	0	0	615
14	0	0	0	0	322
15	0	0	0	0	618
0	0	0	0	0	318
1	0	0	0	0	622
2	0	0	0	0	321
3	0	0	0	0	630
4	0	0	0	0	322
5	0	0	0	0	617
6	0	0	0	0	322
7	0	0	0	0	617
8	0	0	0	0	320
9	0	0	0	0	619
10	0	0	0	0	320
11	0	0	0	0	622
12	0	0	0	0	321
13	0	0	0	0	615
14	0	0	0	0	326
15	0	0	0	0	620
0	0	0	0	0	318
1	0	0	0	0	618
2	0	0	0	0	323
3	0	0	0	0	611
4	0	0	0	0	319
5	0	0	0	0	619
6	0	0	0	0	323
7	0	0	0	0	624
8	0	0	0	0	323
9	0	0	0	0	622
10	0	0	0	0	320
11	0	0	0	0	614
12	0	0	0	0	329
13	0	0	0	0	620
14	0	0	0	0	324
15	0	0	0	0	625
0	0	0	0	0	324
1	0	0	0	0	618
2	0	0	0	0	322
3	0	0	0	0	617
4	0	0	0	0	318
5	0	0	0	0	619
6	0	0	0	0	316
7	0	0	0	0	612
8	0	0	0	0	322
9	0	0	0	0	615
10	0	0	0	0	323
11	0	0	0	0	622
12	0	0	0	0	326
13	0	0	0	0	618
14	0	0	0	0	327
15	0	0	0	0	618
0	0	0	0	0	323
1	0	0	0	0	623
2	0	0	0	0	325
3	0	0	0	0	616
4	0	0	0	0	320
5	0	0	0	0	616
6	0	0	0	0	324
7	0	0	0	0	619
8	0	0	0	0	328
9	0	0	0	0	617
10	0	0	0	0	323
11	0	0	0	0	613
12	0	0	0	0	322
13	0	0	0	0	614
14	0	0	0	0	320
15	0	0	0	0	617
0	0	0	0	0	317
1	0	0	0	0	612
2	0	0	0	0	322
3	0	0	0	0	613
4	0	0	0	0	322
5	0	0	0	0	617
6	0	0	0	0	322
7	0	0	0	0	617
8	0	0	0	0	329
9	0	0	0	0	616
10	0	0	0	0	325
11	0	0	0	0	618
12	0	0	0	0	327
13	0	0	0	0	612
14	0	0	0	0	324
15	0	0	0	0	614
0	0	0	0	0	324
1	0	0	0	0	617
2	0	0	0	0	325
3	0	0	0	0	616
4	0	0	0	0	325
5	0	0	0	0	619
6	0	0	0	0	326
7	0	0	0	0	613
8	0	0	0	0	324
9	0	0	0	0	612
10	0	0	0	0	328
11	0	0	0	0	606
12	0	0	0	0	327
13	0	0	0	0	604
14	0	0	0	0	330
15	0	0	0	0	608
0	0	0	0	0	337
1	0	0	0	0	609
2	0	0	0	0	330
3	0	0	0	0	617
4	0	0	0	0	328
5	0	0	0	0	619
6	0	0	0	0	329
7	0	0	0	0	612
8	0	0	0	0	326
9	0	0	0	0	613
10	0	0	0	0	335
11	0	0	0	0	617
12	0	0	0	0	328
13	0	0	0	0	603
14	0	0	0	0	337
15	0	0	0	0	616
0	0	0	0	0	322
1	0	0	0	0	614
2	0	0	0	0	326
3	0	0	0	0	617
4	0	0	0	0	336
5	0	0	0	0	609
6	0	0	0	0	334
7	0	0	0	0	616
8	0	0	0	0	336
9	0	0	0	0	609
10	0	0	0	0	326
11	0	0	0	0	613
12	0	0	0	0	330
13	0	0	0	0	610
14	0	0	0	0	322
15	0	0	0	0	609
0	0	0	0	0	331
1	0	0	0	0	613
2	0	0	0	0	334
3	0	0	0	0	616
4	0	0	0	0	334
5	0	0	0	0	605
6	0	0	0	0	337
7	0	0	0	0	622
8	0	0	0	0	336
9	0	0	0	0	610
10	0	0	0	0	329
11	0	0	0	0	611
12	0	0	0	0	338
13	0	0	0	0	611
14	0	0	0	0	329
15	0	0	0	0	612
0	0	0	0	0	328
1	0	0	0	0	613
2	0	0	0	0	329
3	0	0	0	0	611
4	0	0	0	0	329
5	0	0	0	0	610
6	0	0	0	0	336
7	0	0	0	0	618
8	0	0	0	0	336
9	0	0	0	0	608
10	0	0	0	0	330
11	0	0	0	0	611
12	0	0	0	0	327
13	0	0	0	0	609
14	0	0	0	0	331
15	0	0	0	0	621
0	0	0	0	0	328
1	0	0	0	0	605
2	0	0	0	0	330
3	0	0	0	0	610
4	0	0	0	0	331
5	0	0	0	0	615
6	0	0	0	0	332
7	0	0	0	0	605
8	0	0	0	0	330
9	0	0	0	0	613
10	0	0	0	0	335
11	0	0	0	0	615
12	0	0	0	0	324
13	0	0	0	0	610
14	0	0	0	0	331
15	0	0	0	0	611
0	0	0	0	0	333
1	0	0	0	0	615
2	0	0	0	0	326
3	0	0	0	0	619
4	0	0	0	0	335
5	0	0	0	0	608
6	0	0	0	0	332
7	0	0	0	0	611
8	0	0	0	0	335
9	0	0	0	0	613
10	0	0	0	0	335
11	0	0	0	0	608
12	0	0	0	0	331
13	0	0	0	0	608
14	0	0	0	0	335
15	0	0	0	0	609
0	0	0	0	0	326
1	0	0	0	0	606
2	0	0	0	0	333
3	0	0	0	0	609
4	0	0	0	0	329
5	0	0	0	0	606
6	0	0	0	0	337
7	0	0	0	0	613
8	0	0	0	0	332
9	0	0	0	0	602
10	0	0	0	0	334
11	0	0	0	0	615
12	0	0	0	0	335
13	0	0	0	0	611
14	0	0	0	0	334
15	0	0	0	0	610
0	0	0	0	0	333
1	0	0	0	0	606
2	0	0	0	0	334
3	0	0	0	0	612
4	0	0	0	0	334
5	0	0	0	0	612
6	0	0	0	0	337
7	0	0	0	0	605
8	0	0	0	0	334
9	0	0	0	0	612
10	0	0	0	0	335
11	0	0	0	0	618
12	0	0	0	0	336
13	0	0	0	0	606
14	0	0	0	0	333
15	0	0	0	0	609
0	0	0	0	0	332
1	0	0	0	0	606
2	0	0	0	0	340
3	0	0	0	0	613
4	0	0	0	0	329
5	0	0	0	0	606
6	0	0	0	0	341
7	0	0	0	0	606
8	0	0	0	0	336
9	0	0	0	0	609
10	0	0	0	0	334
11	0	0	0	0	609
12	0	0	0	0	332
13	0	0	0	0	613
14	0	0	0	0	335
15	0	0	0	0	604
0	0	0	0	0	330
1	0	0	0	0	611
2	0	0	0	0	335
3	0	0	0	0	607
4	0	0	0	0	322
5	0	0	0	0	603
6	0	0	0	0	336
7	0	0	0	0	605
8	0	0	0	0	338
9	0	0	0	0	604
10	0	0	0	0	335
11	0	0	0	0	610
12	0	0	0	0	324
13	0	0	0	0	612
14	0	0	0	0	336
15	0	0	0	0	616
0	0	0	0	0	331
1	0	0	0	0	604
2	0	0	0	0	335
3	0	0	0	0	608
4	0	0	0	0	333
5	0	0	0	0	602
6	0	0	0	0	337
7	0	0	0	0	611
8	0	0	0	0	326
9	0	0	0	0	613
10	0	0	0	0	329
11	0	0	0	0	604
12	0	0	0	0	338
13	0	0	0	0	600
14	0	0	0	0	330
15	0	0	0	0	610
0	0	0	0	0	329
1	0	0	0	0	609
2	0	0	0	0	337
3	0	0	0	0	615
4	0	0	0	0	333
5	0	0	0	0	605
6	0	0	0	0	333
7	0	0	0	0	613
8	0	0	0	0	329
9	0	0	0	0	604
10	0	0	0	0	338
11	0	0	0	0	607
12	0	0	0	0	330
13	0	0	0	0	609
14	0	0	0	0	340
15	0	0	0	0	605
0	0	0	0	0	338
1	0	0	0	0	606
2	0	0	0	0	329
3	0	0	0	0	608
4	0	0	0	0	330
5	0	0	0	0	605
6	0	0	0	0	333
7	0	0	0	0	613
8	0	0	0	0	332
9	0	0	0	0	603
10	0	0	0	0	335
11	0	0	0	0	604
12	0	0	0	0	333
13	0	0	0	0	609
14	0	0	0	0	337
15	0	0	0	0	613
0	0	0	0	0	334
1	0	0	0	0	608
2	0	0	0	0	339
3	0	0	0	0	610
4	0	0	0	0	332
5	0	0	0	0	603
6	0	0	0	0	334
7	0	0	0	0	603
8	0	0	0	0	331
9	0	0	0	0	615
10	0	0	0	0	337
11	0	0	0	0	607
12	0	0	0	0	335
13	0	0	0	0	614
14	0	0	0	0	337
15	0	0	0	0	608
0	0	0	0	0	339
1	0	0	0	0	610
2	0	0	0	0	333
3	0	0	0	0	603
4	0	0	0	0	335
5	0	0	0	0	610
6	0	0	0	0	330
7	0	0	0	0	608
8	0	0	0	0	334
9	0	0	0	0	610
10	0	0	0	0	338
11	0	0	0	0	606
12	0	0	0	0	333
13	0	0	0	0	615
14	0	0	0	0	334
15	0	0	0	0	608
0	0	0	0	0	338
1	0	0	0	0	616
2	0	0	0	0	339
3	0	0	0	0	601
4	0	0	0	0	330
5	0	0	0	0	612
6	0	0	0	0	339
7	0	0	0	0	610
8	0	0	0	0	332
9	0	0	0	0	600
10	0	0	0	0	330
11	0	0	0	0	606
12	0	0	0	0	336
13	0	0	0	0	605
14	0	0	0	0	331
15	0	0	0	0	610
0	0	0	0	0	332
1	0	0	0	0	601
2	0	0	0	0	334
3	0	0	0	0	603
4	0	0	0	0	334
5	0	0	0	0	604
6	0	0	0	0	334
7	0	0	0	0	607
8	0	0	0	0	336
9	0	0	0	0	606
10	0	0	0	0	344
11	0	0	0	0	610
12	0	0	0	0	338
13	0	0	0	0	607
14	0	0	0	0	338
15	0	0	0	0	606
0	0	0	0	0	327
1	0	0	0	0	606
2	0	0	0	0	337
3	0	0	0	0	608
4	0	0	0	0	337
5	0	0	0	0	612
6	0	0	0	0	336
7	0	0	0	0	605
8	0	0	0	0	338
9	0	0	0	0	600
10	0	0	0	0	337
11	0	0	0	0	608
12	0	0	0	0	336
13	0	0	0	0	608
14	0	0	0	0	333
15	0	0	0	0	604
0	0	0	0	0	341
1	0	0	0	0	609
2	0	0	0	0	342
3	0	0	0	0	612
4	0	0	0	0	342
5	0	0	0	0	609
6	0	0	0	0	336
7	0	0	0	0	608
8	0	0	0	0	341
9	0	0	0	0	607
10	0	0	0	0	340
11	0	0	0	0	609
12	0	0	0	0	337
13	0	0	0	0	606
14	0	0	0	0	337
15	0	0	0	0	608
0	0	0	0	0	338
1	0	0	0	0	613
2	0	0	0	0	337
3	0	0	0	0	608
4	0	0	0	0	341
5	0	0	0	0	607
6	0	0	0	0	339
7	0	0	0	0	602
8	0	0	0	0	338
9	0	0	0	0	608
10	0	0	0	0	337
11	0	0	0	0	609
12	0	0	0	0	342
13	0	0	0	0	613
14	0	0	0	0	346
15	0	0	0	0	608
0	0	0	0	0	333
1	0	0	0	0	610
2	0	0	0	0	339
3	0	0	0	0	602
4	0	0	0	0	339
5	0	0	0	0	611
6	0	0	0	0	341
7	0	0	0	0	612
8	0	0	0	0	345
9	0	0	0	0	601
10	0	0	0	0	339
11	0	0	0	0	605
12	0	0	0	0	341
13	0	0	0	0	609
14	0	0	0	0	349
15	0	0	0	0	602
0	0	0	0	0	334
1	0	0	0	0	606
2	0	0	0	0	342
3	0	0	0	0	610
4	0	0	0	0	334
5	0	0	0	0	609
6	0	0	0	0	336
7	0	0	0	0	611
8	0	0	0	0	339
9	0	0	0	0	616
10	0	0	0	0	347
11	0	0	0	0	607
12	0	0	0	0	344
13	0	0	0	0	604
14	0	0	0	0	345
15	0	0	0	0	605
0	0	0	0	0	341
1	0	0	0	0	602
2	0	0	0	0	341
3	0	0	0	0	604
4	0	0	0	0	334
5	0	0	0	0	605
6	0	0	0	0	341
7	0	0	0	0	608
8	0	0	0	0	352
9	0	0	0	0	600
10	0	0	0	0	344
11	0	0	0	0	604
12	0	0	0	0	341
13	0	0	0	0	610
14	0	0	0	0	347
15	0	0	0	0	606
0	0	0	0	0	341
1	0	0	0	0	602
2	0	0	0	0	343
3	0	0	0	0	605
4	0	0	0	0	344
5	0	0	0	0	605
6	0	0	0	0	342
7	0	0	0	0	605
8	0	0	0	0	348
9	0	0	0	0	605
10	0	0	0	0	340
11	0	0	0	0	603
12	0	0	0	0	347
13	0	0	0	0	604
14	0	0	0	0	345
15	0	0	0	0	598
0	0	0	0	0	344
1	0	0	0	0	596
2	0	0	0	0	342
3	0	0	0	0	609
4	0	0	0	0	348
5	0	0	0	0	605
6	0	0	0	0	344
7	0	0	0	0	601
8	0	0	0	0	343
9	0	0	0	0	600
10	0	0	0	0	351
11	0	0	0	0	603
12	0	0	0	0	350
13	0	0	0	0	606
14	0	0	0	0	344
15	0	0	0	0	599
0	0	0	0	0	354
1	0	0	0	0	608
2	0	0	0	0	345
3	0	0	0	0	597
4	0	0	0	0	343
5	0	0	0	0	601
6	0	0	0	0	346
7	0	0	0	0	606
8	0	0	0	0	349
9	0	0	0	0	601
10	0	0	0	0	346
11	0	0	0	0	599
12	0	0	0	0	346
13	0	0	0	0	598
14	0	0	0	0	349
15	0	0	0	0	602
0	0	0	0	0	344
1	0	0	0	0	601
2	0	0	0	0	352
3	0	0	0	0	599
4	0	0	0	0	343
5	0	0	0	0	603
6	0	0	0	0	352
7	0	0	0	0	603
8	0	0	0	0	346
9	0	0	0	0	606
10	0	0	0	0	343
11	0	0	0	0	600
12	0	0	0	0	345
13	0	0	0	0	603
14	0	0	0	0	341
15	0	0	0	0	598
0	0	0	0	0	347
1	0	0	0	0	607
2	0	0	0	0	352
3	0	0	0	0	607
4	0	0	0	0	350
5	0	0	0	0	598
6	0	0	0	0	353
7	0	0	0	0	605
8	0	0	0	0	346
9	0	0	0	0	604
10	0	0	0	0	357
11	0	0	0	0	597
12	0	0	0	0	345
13	0	0	0	0	599
14	0	0	0	0	351
15	0	0	0	0	596
0	0	0	0	0	351
1	0	0	0	0	600
2	0	0	0	0	349
3	0	0	0	0	595
4	0	0	0	0	349
5	0	0	0	0	603
6	0	0	0	0	346
7	0	0	0	0	601
8	0	0	0	0	350
9	0	0	0	0	598
10	0	0	0	0	353
11	0	0	0	0	608
12	0	0	0	0	347
13	0	0	0	0	598
14	0	0	0	0	353
15	0	0	0	0	606
0	0	0	0	0	343
1	0	0	0	0	600
2	0	0	0	0	346
3	0	0	0	0	603
4	0	0	0	0	354
5	0	0	0	0	594
6	0	0	0	0	348
7	0	0	0	0	598
8	0	0	0	0	350
9	0	0	0	0	595
10	0	0	0	0	357
11	0	0	0	0	601
12	0	0	0	0	350
13	0	0	0	0	606
14	0	0	0	0	350
15	0	0	0	0	590
0	0	0	0	0	349
1	0	0	0	0	603
2	0	0	0	0	354
3	0	0	0	0	599
4	0	0	0	0	357
5	0	0	0	0	598
6	0	0	0	0	354
7	0	0	0	0	601
8	0	0	0	0	347
9	0	0	0	0	601
10	0	0	0	0	355
11	0	0	0	0	600
12	0	0	0	0	346
13	0	0	0	0	601
14	0	0	0	0	355
15	0	0	0	0	602
0	0	0	0	0	348
1	0	0	0	0	602
2	0	0	0	0	347
3	0	0	0	0	600
4	0	0	0	0	354
5	0	0	0	0	590
6	0	0	0	0	353
7	0	0	0	0	605
8	0	0	0	0	353
9	0	0	0	0	595
10	0	0	0	0	353
11	0	0	0	0	596
12	0	0	0	0	346
13	0	0	0	0	597
14	0	0	0	0	358
15	0	0	0	0	593
0	0	0	0	0	351
1	0	0	0	0	595
2	0	0	0	0	352
3	0	0	0	0	602
4	0	0	0	0	349
5	0	0	0	0	594
6	0	0	0	0	348
7	0	0	0	0	599
8	0	0	0	0	348
9	0	0	0	0	600
10	0	0	0	0	349
11	0	0	0	0	596
12	0	0	0	0	348
13	0	0	0	0	594
14	0	0	0	0	348
15	0	0	0	0	593
0	0	0	0	0	350
1	0	0	0	0	600
2	0	0	0	0	352
3	0	0	0	0	601
4	0	0	0	0	349
5	0	0	0	0	596
6	0	0	0	0	351
7	0	0	0	0	605
8	0	0	0	0	357
9	0	0	0	0	595
10	0	0	0	0	354
11	0	0	0	0	602
12	0	0	0	0	349
13	0	0	0	0	599
14	0	0	0	0	348
15	0	0	0	0	599
0	0	0	0	0	352
1	0	0	0	0	597
2	0	0	0	0	350
3	0	0	0	0	589
4	0	0	0	0	360
5	0	0	0	0	598
6	0	0	0	0	351
7	0	0	0	0	603
8	0	0	0	0	349
9	0	0	0	0	598
10	0	0	0	0	355
11	0	0	0	0	595
12	0	0	0	0	349
13	0	0	0	0	603
14	0	0	0	0	349
15	0	0	0	0	597
0	0	0	0	0	343
1	0	0	0	0	600
2	0	0	0	0	352
3	0	0	0	0	597
4	0	0	0	0	350
5	0	0	0	0	596
6	0	0	0	0	351
7	0	0	0	0	601
8	0	0	0	0	354
9	0	0	0	0	598
10	0	0	0	0	355
11	0	0	0	0	602
12	0	0	0	0	345
13	0	0	0	0	604
14	0	0	0	0	339
15	0	0	0	0	600
0	0	0	0	0	353
1	0	0	0	0	594
2	0	0	0	0	356
3	0	0	0	0	597
4	0	0	0	0	359
5	0	0	0	0	606
6	0	0	0	0	351
7	0	0	0	0	594
8	0	0	0	0	349
9	0	0	0	0	599
10	0	0	0	0	351
11	0	0	0	0	594
12	0	0	0	0	350
13	0	0	0	0	595
14	0	0	0	0	355
15	0	0	0	0	597
0	0	0	0	0	357
1	0	0	0	0	597
2	0	0	0	0	355
3	0	0	0	0	602
4	0	0	0	0	353
5	0	0	0	0	605
6	0	0	0	0	350
7	0	0	0	0	597
8	0	0	0	0	345
9	0	0	0	0	600
10	0	0	0	0	354
11	0	0	0	0	596
12	0	0	0	0	341
13	0	0	0	0	603
14	0	0	0	0	345
15	0	0	0	0	601
0	0	0	0	0	349
1	0	0	0	0	602
2	0	0	0	0	350
3	0	0	0	0	603
4	0	0	0	0	349
5	0	0	0	0	598
6	0	0	0	0	347
7	0	0	0	0	604
8	0	0	0	0	346
9	0	0	0	0	605
10	0	0	0	0	349
11	0	0	0	0	609
12	0	0	0	0	348
13	0	0	0	0	606
14	0	0	0	0	346
15	0	0	0	0	601
0	0	0	0	0	345
1	0	0	0	0	608
2	0	0	0	0	340
3	0	0	0	0	604
4	0	0	0	0	350
5	0	0	0	0	598
6	0	0	0	0	351
7	0	0	0	0	604
8	0	0	0	0	344
9	0	0	0	0	600
10	0	0	0	0	344
11	0	0	0	0	610
12	0	0	0	0	339
13	0	0	0	0	603
14	0	0	0	0	344
15	0	0	0	0	602
0	0	0	0	0	344
1	0	0	0	0	607
2	0	0	0	0	345
3	0	0	0	0	613
4	0	0	0	0	339
5	0	0	0	0	606
6	0	0	0	0	347
7	0	0	0	0	604
8	0	0	0	0	345
9	0	0	0	0	602
10	0	0	0	0	348
11	0	0	0	0	602
12	0	0	0	0	343
13	0	0	0	0	606
14	0	0	0	0	340
15	0	0	0	0	599
0	0	0	0	0	339
1	0	0	0	0	600
2	0	0	0	0	346
3	0	0	0	0	602
4	0	0	0	0	345
5	0	0	0	0	602
6	0	0	0	0	342
7	0	0	0	0	606
8	0	0	0	0	346
9	0	0	0	0	598
10	0	0	0	0	344
11	0	0	0	0	605
12	0	0	0	0	343
13	0	0	0	0	608
14	0	0	0	0	352
15	0	0	0	0	605
0	0	0	0	0	342
1	0	0	0	0	605
2	0	0	0	0	351
3	0	0	0	0	603
4	0	0	0	0	353
5	0	0	0	0	606
6	0	0	0	0	344
7	0	0	0	0	604
8	0	0	0	0	350
9	0	0	0	0	604
10	0	0	0	0	339
11	0	0	0	0	598
12	0	0	0	0	343
13	0	0	0	0	600
14	0	0	0	0	347
15	0	0	0	0	604
0	0	0	0	0	348
1	0	0	0	0	594
2	0	0	0	0	353
3	0	0	0	0	597
4	0	0	0	0	353
5	0	0	0	0	602
6	0	0	0	0	357
7	0	0	0	0	604
8	0	0	0	0	349
9	0	0	0	0	607
10	0	0	0	0	340
11	0	0	0	0	602
12	0	0	0	0	354
13	0	0	0	0	597
14	0	0	0	0	350
15	0	0	0	0	599
0	0	0	0	0	345
1	0	0	0	0	603
2	0	0	0	0	347
3	0	0	0	0	605
4	0	0	0	0	346
5	0	0	0	0	602
6	0	0	0	0	350
7	0	0	0	0	603
8	0	0	0	0	344
9	0	0	0	0	603
10	0	0	0	0	345
11	0	0	0	0	602
12	0	0	0	0	348
13	0	0	0	0	609
14	0	0	0	0	339
15	0	0	0	0	606
0	0	0	0	0	335
1	0	0	0	0	608
2	0	0	0	0	339
3	0	0	0	0	610
4	0	0	0	0	332
5	0	0	0	0	603
6	0	0	0	0	339
7	0	0	0	0	613
8	0	0	0	0	337
9	0	0	0	0	608
10	0	0	0	0	342
11	0	0	0	0	616
12	0	0	0	0	338
13	0	0	0	0	602
14	0	0	0	0	339
15	0	0	0	0	607
0	0	0	0	0	337
1	0	0	0	0	608
2	0	0	0	0	337
3	0	0	0	0	609
4	0	0	0	0	337
5	0	0	0	0	605
6	0	0	0	0	341
7	0	0	0	0	611
8	0	0	0	0	331
9	0	0	0	0	612
10	0	0	0	0	342
11	0	0	0	0	608
12	0	0	0	0	338
13	0	0	0	0	614
14	0	0	0	0	341
15	0	0	0	0	611
0	0	0	0	0	341
1	0	0	0	0	602
2	0	0	0	0	341
3	0	0	0	0	603
4	0	0	0	0	336
5	0	0	0	0	609
6	0	0	0	0	341
7	0	0	0	0	613
8	0	0	0	0	337
9	0	0	0	0	601
10	0	0	0	0	335
11	0	0	0	0	607
12	0	0	0	0	336
13	0	0	0	0	612
14	0	0	0	0	342
15	0	0	0	0	609
0	0	0	0	0	330
1	0	0	0	0	610
2	0	0	0	0	341
3	0	0	0	0	605
4	0	0	0	0	345
5	0	0	0	0	607
6	0	0	0	0	339
7	0	0	0	0	604
8	0	0	0	0	336
9	0	0	0	0	609
10	0	0	0	0	337
11	0	0	0	0	611
12	0	0	0	0	335
13	0	0	0	0	611
14	0	0	0	0	339
15	0	0	0	0	609
0	0	0	0	0	341
1	0	0	0	0	602
2	0	0	0	0	335
3	0	0	0	0	617
4	0	0	0	0	339
5	0	0	0	0	606
6	0	0	0	0	338
7	0	0	0	0	610
8	0	0	0	0	341
9	0	0	0	0	605
10	0	0	0	0	327
11	0	0	0	0	614
12	0	0	0	0	327
13	0	0	0	0	608
14	0	0	0	0	334
15	0	0	0	0	605
0	0	0	0	0	335
1	0	0	0	0	618
2	0	0	0	0	341
3	0	0	0	0	607
4	0	0	0	0	338
5	0	0	0	0	606
6	0	0	0	0	329
7	0	0	0	0	607
8	0	0	0	0	336
9	0	0	0	0	613
10	0	0	0	0	342
11	0	0	0	0	612
12	0	0	0	0	335
13	0	0	0	0	609
14	0	0	0	0	333
15	0	0	0	0	607
0	0	0	0	0	332
1	0	0	0	0	608
2	0	0	0	0	334
3	0	0	0	0	610
4	0	0	0	0	334
5	0	0	0	0	611
6	0	0	0	0	331
7	0	0	0	0	605
8	0	0	0	0	335
9	0	0	0	0	613
10	0	0	0	0	339
11	0	0	0	0	606
12	0	0	0	0	338
13	0	0	0	0	605
14	0	0	0	0	337
15	0	0	0	0	611
0	0	0	0	0	336
1	0	0	0	0	605
2	0	0	0	0	337
3	0	0	0	0	616
4	0	0	0	0	328
5	0	0	0	0	616
6	0	0	0	0	336
7	0	0	0	0	616
8	0	0	0	0	338
9	0	0	0	0	609
10	0	0	0	0	333
11	0	0	0	0	611
12	0	0	0	0	332
13	0	0	0	0	613
14	0	0	0	0	340
15	0	0	0	0	609
0	0	0	0	0	331
1	0	0	0	0	607
2	0	0	0	0	336
3	0	0	0	0	608
4	0	0	0	0	338
5	0	0	0	0	609
6	0	0	0	0	341
7	0	0	0	0	609
8	0	0	0	0	340
9	0	0	0	0	616
10	0	0	0	0	331
11	0	0	0	0	616
12	0	0	0	0	341
13	0	0	0	0	612
14	0	0	0	0	338
15	0	0	0	0	608
0	0	0	0	0	340
1	0	0	0	0	615
2	0	0	0	0	338
3	0	0	0	0	613
4	0	0	0	0	340
5	0	0	0	0	609
6	0	0	0	0	327
7	0	0	0	0	607
8	0	0	0	0	337
9	0	0	0	0	616
10	0	0	0	0	335
11	0	0	0	0	615
12	0	0	0	0	332
13	0	0	0	0	609
14	0	0	0	0	336
15	0	0	0	0	607
0	0	0	0	0	334
1	0	0	0	0	610
2	0	0	0	0	338
3	0	0	0	0	615
4	0	0	0	0	333
5	0	0	0	0	608
6	0	0	0	0	331
7	0	0	0	0	617
8	0	0	0	0	339
9	0	0	0	0	614
10	0	0	0	0	334
11	0	0	0	0	606
12	0	0	0	0	337
13	0	0	0	0	612
14	0	0	0	0	335
15	0	0	0	0	616
0	0	0	0	0	336
1	0	0	0	0	612
2	0	0	0	0	337
3	0	0	0	0	610
4	0	0	0	0	335
5	0	0	0	0	611
6	0	0	0	0	333
7	0	0	0	0	612
8	0	0	0	0	337
9	0	0	0	0	621
10	0	0	0	0	339
11	0	0	0	0	607
12	0	0	0	0	329
13	0	0	0	0	613
14	0	0	0	0	336
15	0	0	0	0	609
0	0	0	0	0	337
1	0	0	0	0	608
2	0	0	0	0	336
3	0	0	0	0	611
4	0	0	0	0	329
5	0	0	0	0	610
6	0	0	0	0	337
7	0	0	0	0	616
8	0	0	0	0	328
9	0	0	0	0	615
10	0	0	0	0	335
11	0	0	0	0	603
12	0	0	0	0	333
13	0	0	0	0	613
14	0	0	0	0	333
15	0	0	0	0	612
0	0	0	0	0	334
1	0	0	0	0	609
2	0	0	0	0	331
3	0	0	0	0	608
4	0	0	0	0	342
5	0	0	0	0	609
6	0	0	0	0	345
7	0	0	0	0	603
8	0	0	0	0	339
9	0	0	0	0	608
10	0	0	0	0	337
11	0	0	0	0	611
12	0	0	0	0	338
13	0	0	0	0	614
14	0	0	0	0	341
15	0	0	0	0	608
0	0	0	0	0	337
1	0	0	0	0	608
2	0	0	0	0	333
3	0	0	0	0	607
4	0	0	0	0	327
5	0	0	0	0	609
6	0	0	0	0	331
7	0	0	0	0	611
8	0	0	0	0	337
9	0	0	0	0	610
10	0	0	0	0	333
11	0	0	0	0	615
12	0	0	0	0	340
13	0	0	0	0	612
14	0	0	0	0	336
15	0	0	0	0	610
0	0	0	0	0	340
1	0	0	0	0	615
2	0	0	0	0	341
3	0	0	0	0	609
4	0	0	0	0	333
5	0	0	0	0	609
6	0	0	0	0	334
7	0	0	0	0	613
8	0	0	0	0	345
9	0	0	0	0	613
10	0	0	0	0	338
11	0	0	0	0	609
12	0	0	0	0	334
13	0	0	0	0	616
14	0	0	0	0	333
15	0	0	0	0	608
0	0	0	0	0	338
1	0	0	0	0	609
2	0	0	0	0	338
3	0	0	0	0	609
4	0	0	0	0	333
5	0	0	0	0	616
6	0	0	0	0	334
7	0	0	0	0	606
8	0	0	0	0	335
9	0	0	0	0	607
10	0	0	0	0	337
11	0	0	0	0	613
12	0	0	0	0	341
13	0	0	0	0	614
14	0	0	0	0	346
15	0	0	0	0	609
0	0	0	0	0	342
1	0	0	0	0	613
2	0	0	0	0	336
3	0	0	0	0	610
4	0	0	0	0	336
5	0	0	0	0	607
6	0	0	0	0	341
7	0	0	0	0	602
8	0	0	0	0	336
9	0	0	0	0	606
10	0	0	0	0	340
11	0	0	0	0	606
12	0	0	0	0	338
13	0	0	0	0	605
14	0	0	0	0	335
15	0	0	0	0	608
0	0	0	0	0	334
1	0	0	0	0	605
2	0	0	0	0	342
3	0	0	0	0	611
4	0	0	0	0	337
5	0	0	0	0	609
6	0	0	0	0	337
7	0	0	0	0	602
8	0	0	0	0	338
9	0	0	0	0	609
10	0	0	0	0	338
11	0	0	0	0	610
12	0	0	0	0	339
13	0	0	0	0	610
14	0	0	0	0	339
15	0	0	0	0	606
0	0	0	0	0	338
1	0	0	0	0	608
2	0	0	0	0	342
3	0	0	0	0	613
4	0	0	0	0	337
5	0	0	0	0	602
6	0	0	0	0	334
7	0	0	0	0	612
8	0	0	0	0	338
9	0	0	0	0	606
10	0	0	0	0	336
11	0	0	0	0	614
12	0	0	0	0	338
13	0	0	0	0	614
14	0	0	0	0	341
15	0	0	0	0	604
0	0	0	0	0	339
1	0	0	0	0	605
2	0	0	0	0	344
3	0	0	0	0	605
4	0	0	0	0	337
5	0	0	0	0	607
6	0	0	0	0	340
7	0	0	0	0	608
8	0	0	0	0	339
9	0	0	0	0	609
10	0	0	0	0	340
11	0	0	0	0	612
12	0	0	0	0	336
13	0	0	0	0	605
14	0	0	0	0	342
15	0	0	0	0	607
0	0	0	0	0	337
1	0	0	0	0	608
2	0	0	0	0	338
3	0	0	0	0	609
4	0	0	0	0	338
5	0	0	0	0	607
6	0	0	0	0	334
7	0	0	0	0	608
8	0	0	0	0	334
9	0	0	0	0	606
10	0	0	0	0	337
11	0	0	0	0	613
12	0	0	0	0	338
13	0	0	0	0	614
14	0	0	0	0	339
15	0	0	0	0	612
0	0	0	0	0	341
1	0	0	0	0	602
2	0	0	0	0	346
3	0	0	0	0	606
4	0	0	0	0	344
5	0	0	0	0	612
6	0	0	0	0	338
7	0	0	0	0	606
8	0	0	0	0	342
9	0	0	0	0	607
10	0	0	0	0	341
11	0	0	0	0	606
12	0	0	0	0	338
13	0	0	0	0	605
14	0	0	0	0	341
15	0	0	0	0	610
0	0	0	0	0	342
1	0	0	0	0	612
2	0	0	0	0	341
3	0	0	0	0	604
4	0	0	0	0	338
5	0	0	0	0	609
6	0	0	0	0	342
7	0	0	0	0	607
8	0	0	0	0	339
9	0	0	0	0	600
10	0	0	0	0	343
11	0	0	0	0	603
12	0	0	0	0	338
13	0	0	0	0	608
14	0	0	0	0	343
15	0	0	0	0	610
0	0	0	0	0	334
1	0	0	0	0	599
2	0	0	0	0	338
3	0	0	0	0	605
4	0	0	0	0	336
5	0	0	0	0	606
6	0	0	0	0	339
7	0	0	0	0	602
8	0	0	0	0	341
9	0	0	0	0	609
10	0	0	0	0	339
11	0	0	0	0	612
12	0	0	0	0	337
13	0	0	0	0	602
14	0	0	0	0	343
15	0	0	0	0	602
0	0	0	0	0	341
1	0	0	0	0	604
2	0	0	0	0	337
3	0	0	0	0	611
4	0	0	0	0	330
5	0	0	0	0	605
6	0	0	0	0	341
7	0	0	0	0	607
8	0	0	0	0	339
9	0	0	0	0	610
10	0	0	0	0	337
11	0	0	0	0	602
12	0	0	0	0	346
13	0	0	0	0	601
14	0	0	0	0	338
15	0	0	0	0	609
0	0	0	0	0	343
1	0	0	0	0	601
2	0	0	0	0	345
3	0	0	0	0	602
4	0	0	0	0	342
5	0	0	0	0	612
6	0	0	0	0	342
7	0	0	0	0	603
8	0	0	0	0	341
9	0	0	0	0	602
10	0	0	0	0	339
11	0	0	0	0	609
12	0	0	0	0	342
13	0	0	0	0	603
14	0	0	0	0	346
15	0	0	0	0	603
0	0	0	0	0	336
1	0	0	0	0	610
2	0	0	0	0	341
3	0	0	0	0	606
4	0	0	0	0	341
5	0	0	0	0	609
6	0	0	0	0	346
7	0	0	0	0	606
8	0	0	0	0	340
9	0	0	0	0	609
10	0	0	0	0	338
11	0	0	0	0	610
12	0	0	0	0	337
13	0	0	0	0	601
14	0	0	0	0	347
15	0	0	0	0	604
0	0	0	0	0	345
1	0	0	0	0	612
2	0	0	0	0	335
3	0	0	0	0	604
4	0	0	0	0	339
5	0	0	0	0	611
6	0	0	0	0	338
7	0	0	0	0	612
8	0	0	0	0	341
9	0	0	0	0	611
10	0	0	0	0	344
11	0	0	0	0	605
12	0	0	0	0	341
13	0	0	0	0	606
14	0	0	0	0	340
15	0	0	0	0	614
0	0	0	0	0	337
1	0	0	0	0	606
2	0	0	0	0	340
3	0	0	0	0	606
4	0	0	0	0	339
5	0	0	0	0	606
6	0	0	0	0	338
7	0	0	0	0	606
8	0	0	0	0	333
9	0	0	0	0	612
10	0	0	0	0	336
11	0	0	0	0	613
12	0	0	0	0	338
13	0	0	0	0	611
14	0	0	0	0	337
15	0	0	0	0	613
0	0	0	0	0	332
1	0	0	0	0	603
2	0	0	0	0	333
3	0	0	0	0	610
4	0	0	0	0	345
5	0	0	0	0	606
6	0	0	0	0	340
7	0	0	0	0	614
8	0	0	0	0	342
9	0	0	0	0	606
10	0	0	0	0	339
11	0	0	0	0	610
12	0	0	0	0	341
13	0	0	0	0	609
14	0	0	0	0	337
15	0	0	0	0	613
0	0	0	0	0	338
1	0	0	0	0	610
2	0	0	0	0	337
3	0	0	0	0	617
4	0	0	0	0	341
5	0	0	0	0	612
6	0	0	0	0	341
7	0	0	0	0	616
8	0	0	0	0	340
9	0	0	0	0	616
10	0	0	0	0	335
11	0	0	0	0	608
12	0	0	0	0	333
13	0	0	0	0	616
14	0	0	0	0	336
15	0	0	0	0	607
0	0	0	0	0	337
1	0	0	0	0	614
2	0	0	0	0	336
3	0	0	0	0	607
4	0	0	0	0	333
5	0	0	0	0	616
6	0	0	0	0	336
7	0	0	0	0	612
8	0	0	0	0	336
9	0	0	0	0	612
10	0	0	0	0	331
11	0	0	0	0	615
12	0	0	0	0	332
13	0	0	0	0	608
14	0	0	0	0	339
15	0	0	0	0	607
0	0	0	0	0	335
1	0	0	0	0	610
2	0	0	0	0	338
3	0	0	0	0	613
4	0	0	0	0	342
5	0	0	0	0	618
6	0	0	0	0	334
7	0	0	0	0	614
8	0	0	0	0	339
9	0	0	0	0	614
10	0	0	0	0	341
11	0	0	0	0	610
12	0	0	0	0	331
13	0	0	0	0	614
14	0	0	0	0	328
15	0	0	0	0	610
0	0	0	0	0	337
1	0	0	0	0	610
2	0	0	0	0	337
3	0	0	0	0	606
4	0	0	0	0	331
5	0	0	0	0	608
6	0	0	0	0	327
7	0	0	0	0	609
8	0	0	0	0	330
9	0	0	0	0	611
10	0	0	0	0	336
11	0	0	0	0	610
12	0	0	0	0	345
13	0	0	0	0	605
14	0	0	0	0	336
15	0	0	0	0	615
0	0	0	0	0	331
1	0	0	0	0	610
2	0	0	0	0	338
3	0	0	0	0	608
4	0	0	0	0	332
5	0	0	0	0	616
6	0	0	0	0	340
7	0	0	0	0	609
8	0	0	0	0	331
9	0	0	0	0	613
10	0	0	0	0	338
11	0	0	0	0	610
12	0	0	0	0	328
13	0	0	0	0	617
14	0	0	0	0	338
15	0	0	0	0	617
0	0	0	0	0	328
1	0	0	0	0	613
2	0	0	0	0	330
3	0	0	0	0	609
4	0	0	0	0	337
5	0	0	0	0	613
6	0	0	0	0	340
7	0	0	0	0	609
8	0	0	0	0	332
9	0	0	0	0	611
10	0	0	0	0	331
11	0	0	0	0	609
12	0	0	0	0	329
13	0	0	0	0	614
14	0	0	0	0	331
15	0	0	0	0	619
0	0	0	0	0	337
1	0	0	0	0	606
2	0	0	0	0	329
3	0	0	0	0	613
4	0	0	0	0	340
5	0	0	0	0	606
6	0	0	0	0	333
7	0	0	0	0	615
8	0	0	0	0	328
9	0	0	0	0	608
10	0	0	0	0	328
11	0	0	0	0	618
12	0	0	0	0	337
13	0	0	0	0	607
14	0	0	0	0	337
15	0	0	0	0	617
0	0	0	0	0	329
1	0	0	0	0	617
2	0	0	0	0	340
3	0	0	0	0	612
4	0	0	0	0	339
5	0	0	0	0	606
6	0	0	0	0	329
7	0	0	0	0	616
8	0	0	0	0	323
9	0	0	0	0	613
10	0	0	0	0	337
11	0	0	0	0	616
12	0	0	0	0	332
13	0	0	0	0	613
14	0	0	0	0	325
15	0	0	0	0	615
0	0	0	0	0	331
1	0	0	0	0	616
2	0	0	0	0	338
3	0	0	0	0	617
4	0	0	0	0	334
5	0	0	0	0	618
6	0	0	0	0	325
7	0	0	0	0	617
8	0	0	0	0	331
9	0	0	0	0	611
10	0	0	0	0	324
11	0	0	0	0	617
12	0	0	0	0	333
13	0	0	0	0	613
14	0	0	0	0	324
15	0	0	0	0	611
0	0	0	0	0	322
1	0	0	0	0	613
2	0	0	0	0	331
3	0	0	0	0	610
4	0	0	0	0	333
5	0	0	0	0	608
6	0	0	0	0	328
7	0	0	0	0	615
8	0	0	0	0	335
9	0	0	0	0	617
10	0	0	0	0	331
11	0	0	0	0	611
12	0	0	0	0	325
13	0	0	0	0	622
14	0	0	0	0	327
15	0	0	0	0	615
0	0	0	0	0	325
1	0	0	0	0	613
2	0	0	0	0	333
3	0	0	0	0	615
4	0	0	0	0	331
5	0	0	0	0	612
6	0	0	0	0	329
7	0	0	0	0	614
8	0	0	0	0	327
9	0	0	0	0	617
10	0	0	0	0	322
11	0	0	0	0	605
12	0	0	0	0	331
13	0	0	0	0	615
14	0	0	0	0	329
15	0	0	0	0	614
0	0	0	0	0	334
1	0	0	0	0	621
2	0	0	0	0	330
3	0	0	0	0	621
4	0	0	0	0	331
5	0	0	0	0	610
6	0	0	0	0	331
7	0	0	0	0	611
8	0	0	0	0	324
9	0	0	0	0	618
10	0	0	0	0	331
11	0	0	0	0	604
12	0	0	0	0	329
13	0	0	0	0	610
14	0	0	0	0	328
15	0	0	0	0	612
0	0	0	0	0	332
1	0	0	0	0	620
2	0	0	0	0	324
3	0	0	0	0	609
4	0	0	0	0	323
5	0	0	0	0	615
6	0	0	0	0	324
7	0	0	0	0	616
8	0	0	0	0	330
9	0	0	0	0	620
10	0	0	0	0	329
11	0	0	0	0	615
12	0	0	0	0	339
13	0	0	0	0	619
14	0	0	0	0	325
15	0	0	0	0	608
0	0	0	0	0	335
1	0	0	0	0	615
2	0	0	0	0	324
3	0	0	0	0	620
4	0	0	0	0	325
5	0	0	0	0	611
6	0	0	0	0	328
7	0	0	0	0	619
8	0	0	0	0	333
9	0	0	0	0	613
10	0	0	0	0	324
11	0	0	0	0	613
12	0	0	0	0	323
13	0	0	0	0	620
14	0	0	0	0	330
15	0	0	0	0	617
0	0	0	0	0	329
1	0	0	0	0	613
2	0	0	0	0	330
3	0	0	0	0	615
4	0	0	0	0	334
5	0	0	0	0	612
6	0	0	0	0	329
7	0	0	0	0	618
8	0	0	0	0	322
9	0	0	0	0	615
10	0	0	0	0	322
11	0	0	0	0	614
12	0	0	0	0	331
13	0	0	0	0	610
14	0	0	0	0	330
15	0	0	0	0	617
0	0	0	0	0	328
1	0	0	0	0	621
2	0	0	0	0	332
3	0	0	0	0	617
4	0	0	0	0	327
5	0	0	0	0	617
6	0	0	0	0	325
7	0	0	0	0	614
8	0	0	0	0	329
9	0	0	0	0	614
10	0	0	0	0	329
11	0	0	0	0	617
12	0	0	0	0	331
13	0	0	0	0	618
14	0	0	0	0	329
15	0	0	0	0	623
0	0	0	0	0	325
1	0	0	0	0	611
2	0	0	0	0	334
3	0	0	0	0	618
4	0	0	0	0	325
5	0	0	0	0	612
6	0	0	0	0	321
7	0	0	0	0	615
8	0	0	0	0	331
9	0	0	0	0	619
10	0	0	0	0	334
11	0	0	0	0	614
12	0	0	0	0	326
13	0	0	0	0	615
14	0	0	0	0	324
15	0	0	0	0	619
0	0	0	0	0	331
1	0	0	0	0	617
2	0	0	0	0	328
3	0	0	0	0	624
4	0	0	0	0	322
5	0	0	0	0	614
6	0	0	0	0	331
7	0	0	0	0	605
8	0	0	0	0	324
9	0	0	0	0	609
10	0	0	0	0	333
11	0	0	0	0	616
12	0	0	0	0	323
13	0	0	0	0	623
14	0	0	0	0	339
15	0	0	0	0	617
0	0	0	0	0	334
1	0	0	0	0	614
2	0	0	0	0	329
3	0	0	0	0	615
4	0	0	0	0	331
5	0	0	0	0	625
6	0	0	0	0	320
7	0	0	0	0	611
8	0	0	0	0	319
9	0	0	0	0	612
10	0	0	0	0	327
11	0	0	0	0	613
12	0	0	0	0	323
13	0	0	0	0	614
14	0	0	0	0	333
15	0	0	0	0	617
0	0	0	0	0	325
1	0	0	0	0	619
2	0	0	0	0	330
3	0	0	0	0	614
4	0	0	0	0	328
5	0	0	0	0	611
6	0	0	0	0	327
7	0	0	0	0	610
8	0	0	0	0	327
9	0	0	0	0	616
10	0	0	0	0	322
11	0	0	0	0	616
12	0	0	0	0	329
13	0	0	0	0	617
14	0	0	0	0	330
15	0	0	0	0	609
0	0	0	0	0	334
1	0	0	0	0	610
2	0	0	0	0	321
3	0	0	0	0	611
4	0	0	0	0	325
5	0	0	0	0	615
6	0	0	0	0	333
7	0	0	0	0	607
8	0	0	0	0	325
9	0	0	0	0	610
10	0	0	0	0	325
11	0	0	0	0	616
12	0	0	0	0	322
13	0	0	0	0	619
14	0	0	0	0	331
15	0	0	0	0	609
0	0	0	0	0	332
1	0	0	0	0	619
2	0	0	0	0	334
3	0	0	0	0	609
4	0	0	0	0	328
5	0	0	0	0	611
6	0	0	0	0	329
7	0	0	0	0	614
8	0	0	0	0	328
9	0	0	0	0	610
10	0	0	0	0	329
11	0	0	0	0	619
12	0	0	0	0	327
13	0	0	0	0	614
14	0	0	0	0	319
15	0	0	0	0	609
0	0	0	0	0	332
1	0	0	0	0	614
2	0	0	0	0	329
3	0	0	0	0	616
4	0	0	0	0	329
5	0	0	0	0	616
6	0	0	0	0	339
7	0	0	0	0	619
8	0	0	0	0	322
9	0	0	0	0	613
10	0	0	0	0	326
11	0	0	0	0	617
12	0	0	0	0	322
13	0	0	0	0	608
14	0	0	0	0	329
15	0	0	0	0	615
0	0	0	0	0	326
1	0	0	0	0	614
2	0	0	0	0	334
3	0	0	0	0	614
4	0	0	0	0	328
5	0	0	0	0	615
6	0	0	0	0	329
7	0	0	0	0	617
8	0	0	0	0	329
9	0	0	0	0	614
10	0	0	0	0	330
11	0	0	0	0	617
12	0	0	0	0	319
13	0	0	0	0	619
14	0	0	0	0	335
15	0	0	0	0	615
0	0	0	0	0	325
1	0	0	0	0	618
2	0	0	0	0	329
3	0	0	0	0	609
4	0	0	0	0	333
5	0	0	0	0	613
6	0	0	0	0	330
7	0	0	0	0	621
8	0	0	0	0	329
9	0	0	0	0	610
10	0	0	0	0	323
11	0	0	0	0	617
12	0	0	0	0	332
13	0	0	0	0	616
14	0	0	0	0	321
15	0	0	0	0	616
0	0	0	0	0	325
1	0	0	0	0	620
2	0	0	0	0	329
3	0	0	0	0	615
4	0	0	0	0	320
5	0	0	0	0	616
6	0	0	0	0	333
7	0	0	0	0	606
8	0	0	0	0	325
9	0	0	0	0	614
10	0	0	0	0	328
11	0	0	0	0	611
12	0	0	0	0	325
13	0	0	0	0	611
14	0	0	0	0	327
15	0	0	0	0	613
0	0	0	0	0	324
1	0	0	0	0	615
2	0	0	0	0	321
3	0	0	0	0	621
4	0	0	0	0	325
5	0	0	0	0	617
6	0	0	0	0	332
7	0	0	0	0	609
8	0	0	0	0	322
9	0	0	0	0	619
10	0	0	0	0	328
11	0	0	0	0	614
12	0	0	0	0	328
13	0	0	0	0	614
14	0	0	0	0	327
15	0	0	0	0	613
0	0	0	0	0	326
1	0	0	0	0	620
2	0	0	0	0	324
3	0	0	0	0	617
4	0	0	0	0	320
5	0	0	0	0	620
6	0	0	0	0	328
7	0	0	0	0	615
8	0	0	0	0	327
9	0	0	0	0	616
10	0	0	0	0	331
11	0	0	0	0	618
12	0	0	0	0	325
13	0	0	0	0	615
14	0	0	0	0	325
15	0	0	0	0	618
0	0	0	0	0	325
1	0	0	0	0	618
2	0	0	0	0	328
3	0	0	0	0	610
4	0	0	0	0	321
5	0	0	0	0	613
6	0	0	0	0	332
7	0	0	0	0	617
8	0	0	0	0	320
9	0	0	0	0	621
10	0	0	0	0	333
11	0	0	0	0	614
12	0	0	0	0	322
13	0	0	0	0	609
14	0	0	0	0	323
15	0	0	0	0	613
0	0	0	0	0	326
1	0	0	0	0	616
2	0	0	0	0	325
3	0	0	0	0	615
4	0	0	0	0	324
5	0	0	0	0	615
6	0	0	0	0	327
7	0	0	0	0	620
8	0	0	0	0	332
9	0	0	0	0	613
10	0	0	0	0	325
11	0	0	0	0	614
12	0	0	0	0	323
13	0	0	0	0	610
14	0	0	0	0	328
15	0	0	0	0	613
0	0	0	0	0	329
1	0	0	0	0	618
2	0	0	0	0	328
3	0	0	0	0	614
4	0	0	0	0	331
5	0	0	0	0	612
6	0	0	0	0	326
7	0	0	0	0	613
8	0	0	0	0	327
9	0	0	0	0	615
10	0	0	0	0	329
11	0	0	0	0	613
12	0	0	0	0	331
13	0	0	0	0	617
14	0	0	0	0	334
15	0	0	0	0	609
0	0	0	0	0	321
1	0	0	0	0	616
2	0	0	0	0	328
3	0	0	0	0	619
4	0	0	0	0	331
5	0	0	0	0	613
6	0	0	0	0	321
7	0	0	0	0	618
8	0	0	0	0	324
9	0	0	0	0	609
10	0	0	0	0	325
11	0	0	0	0	617
12	0	0	0	0	334
13	0	0	0	0	609
14	0	0	0	0	329
15	0	0	0	0	613
0	0	0	0	0	323
1	0	0	0	0	613
2	0	0	0	0	321
3	0	0	0	0	618
4	0	0	0	0	320
5	0	0	0	0	612
6	0	0	0	0	320
7	0	0	0	0	612
8	0	0	0	0	329
9	0	0	0	0	620
10	0	0	0	0	321
11	0	0	0	0	618
12	0	0	0	0	325
13	0	0	0	0	613
14	0	0	0	0	324
15	0	0	0	0	606
0	0	0	0	0	331
1	0	0	0	0	614
2	0	0	0	0	324
3	0	0	0	0	618
4	0	0	0	0	325
5	0	0	0	0	622
6	0	0	0	0	329
7	0	0	0	0	609
8	0	0	0	0	334
9	0	0	0	0	610
10	0	0	0	0	331
11	0	0	0	0	609
12	0	0	0	0	335
13	0	0	0	0	616
14	0	0	0	0	328
15	0	0	0	0	611
0	0	0	0	0	325
1	0	0	0	0	617
2	0	0	0	0	330
3	0	0	0	0	612
4	0	0	0	0	326
5	0	0	0	0	611
6	0	0	0	0	331
7	0	0	0	0	618
8	0	0	0	0	323
9	0	0	0	0	611
10	0	0	0	0	334
11	0	0	0	0	609
12	0	0	0	0	323
13	0	0	0	0	613
14	0	0	0	0	322
15	0	0	0	0	613
0	0	0	0	0	325
1	0	0	0	0	617
2	0	0	0	0	332
3	0	0	0	0	616
4	0	0	0	0	333
5	0	0	0	0	619
6	0	0	0	0	322
7	0	0	0	0	611
8	0	0	0	0	322
9	0	0	0	0	622
10	0	0	0	0	326
11	0	0	0	0	618
12	0	0	0	0	329
13	0	0	0	0	617
14	0	0	0	0	330
15	0	0	0	0	613
0	0	0	0	0	322
1	0	0	0	0	613
2	0	0	0	0	331
3	0	0	0	0	620
4	0	0	0	0	333
5	0	0	0	0	610
6	0	0	0	0	325
7	0	0	0	0	616
8	0	0	0	0	325
9	0	0	0	0	612
10	0	0	0	0	323
11	0	0	0	0	609
12	0	0	0	0	328
13	0	0	0	0	615
14	0	0	0	0	324
15	0	0	0	0	617
0	0	0	0	0	328
1	0	0	0	0	621
2	0	0	0	0	330
3	0	0	0	0	611
4	0	0	0	0	331
5	0	0	0	0	612
6	0	0	0	0	327
7	0	0	0	0	618
8	0	0	0	0	316
9	0	0	0	0	617
10	0	0	0	0	331
11	0	0	0	0	611
12	0	0	0	0	328
13	0	0	0	0	607
14	0	0	0	0	322
15	0	0	0	0	610
0	0	0	0	0	327
1	0	0	0	0	616
2	0	0	0	0	327
3	0	0	0	0	609
4	0	0	0	0	330
5	0	0	0	0	615
6	0	0	0	0	329
7	0	0	0	0	612
8	0	0	0	0	328
9	0	0	0	0	616
10	0	0	0	0	326
11	0	0	0	0	616
12	0	0	0	0	333
13	0	0	0	0	613
14	0	0	0	0	326
15	0	0	0	0	612
0	0	0	0	0	336
1	0	0	0	0	612
2	0	0	0	0	321
3	0	0	0	0	611
4	0	0	0	0	328
5	0	0	0	0	626
6	0	0	0	0	330
7	0	0	0	0	616
8	0	0	0	0	326
9	0	0	0	0	616
10	0	0	0	0	323
11	0	0	0	0	613
12	0	0	0	0	325
13	0	0	0	0	619
14	0	0	0	0	328
15	0	0	0	0	619
0	0	0	0	0	330
1	0	0	0	0	614
2	0	0	0	0	328
3	0	0	0	0	615
4	0	0	0	0	325
5	0	0	0	0	614
6	0	0	0	0	326
7	0	0	0	0	617
8	0	0	0	0	325
9	0	0	0	0	616
10	0	0	0	0	323
11	0	0	0	0	614
12	0	0	0	0	328
13	0	0	0	0	610
14	0	0	0	0	326
15	0	0	0	0	613
0	0	0	0	0	325
1	0	0	0	0	618
2	0	0	0	0	331
3	0	0	0	0	620
4	0	0	0	0	324
5	0	0	0	0	614
6	0	0	0	0	334
7	0	0	0	0	609
8	0	0	0	0	329
9	0	0	0	0	616
10	0	0	0	0	319
11	0	0	0	0	613
12	0	0	0	0	325
13	0	0	0	0	622
14	0	0	0	0	328
15	0	0	0	0	614
0	0	0	0	0	327
1	0	0	0	0	618
2	0	0	0	0	324
3	0	0	0	0	619
4	0	0	0	0	322
5	0	0	0	0	614
6	0	0	0	0	321
7	0	0	0	0	617
8	0	0	0	0	329
9	0	0	0	0	613
10	0	0	0	0	325
11	0	0	0	0	607
12	0	0	0	0	326
13	0	0	0	0	611
14	0	0	0	0	322
15	0	0	0	0	617
0	0	0	0	0	325
1	0	0	0	0	615
2	0	0	0	0	315
3	0	0	0	0	614
4	0	0	0	0	328
5	0	0	0	0	605
6	0	0	0	0	325
7	0	0	0	0	614
8	0	0	0	0	327
9	0	0	0	0	609
10	0	0	0	0	322
11	0	0	0	0	611
12	0	0	0	0	333
13	0	0	0	0	613
14	0	0	0	0	329
15	0	0	0	0	616
0	0	0	0	0	327
1	0	0	0	0	616
2	0	0	0	0	325
3	0	0	0	0	610
4	0	0	0	0	323
5	0	0	0	0	610
6	0	0	0	0	328
7	0	0	0	0	608
8	0	0	0	0	322
9	0	0	0	0	614
10	0	0	0	0	329
11	0	0	0	0	616
12	0	0	0	0	322
13	0	0	0	0	614
14	0	0	0	0	325
15	0	0	0	0	610
0	0	0	0	0	325
1	0	0	0	0	611
2	0	0	0	0	333
3	0	0	0	0	618
4	0	0	0	0	324
5	0	0	0	0	609
6	0	0	0	0	323
7	0	0	0	0	617
8	0	0	0	0	329
9	0	0	0	0	612
10	0	0	0	0	334
11	0	0	0	0	614
12	0	0	0	0	324
13	0	0	0	0	620
14	0	0	0	0	329
15	0	0	0	0	611
0	0	0	0	0	330
1	0	0	0	0	612
2	0	0	0	0	328
3	0	0	0	0	613
4	0	0	0	0	327
5	0	0	0	0	620
6	0	0	0	0	327
7	0	0	0	0	620
8	0	0	0	0	321
9	0	0	0	0	616
10	0	0	0	0	333
11	0	0	0	0	612
12	0	0	0	0	323
13	0	0	0	0	607
14	0	0	0	0	329
15	0	0	0	0	617
0	0	0	0	0	331
1	0	0	0	0	617
2	0	0	0	0	333
3	0	0	0	0	615
4	0	0	0	0	329
5	0	0	0	0	612
6	0	0	0	0	331
7	0	0	0	0	609
8	0	0	0	0	326
9	0	0	0	0	617
10	0	0	0	0	330
11	0	0	0	0	611
12	0	0	0	0	324
13	0	0	0	0	616
14	0	0	0	0	328
15	0	0	0	0	615
0	0	0	0	0	322
1	0	0	0	0	613
2	0	0	0	0	325
3	0	0	0	0	618
4	0	0	0	0	327
5	0	0	0	0	617
6	0	0	0	0	325
7	0	0	0	0	619
8	0	0	0	0	328
9	0	0	0	0	614
10	0	0	0	0	327
11	0	0	0	0	621
12	0	0	0	0	327
13	0	0	0	0	605
14	0	0	0	0	329
15	0	0	0	0	620
0	0	0	0	0	329
1	0	0	0	0	614
2	0	0	0	0	329
3	0	0	0	0	606
4	0	0	0	0	328
5	0	0	0	0	611
6	0	0	0	0	330
7	0	0	0	0	611
8	0	0	0	0	326
9	0	0	0	0	617
10	0	0	0	0	321
11	0	0	0	0	608
12	0	0	0	0	329
13	0	0	0	0	617
14	0	0	0	0	331
15	0	0	0	0	616
0	0	0	0	0	324
1	0	0	0	0	619
2	0	0	0	0	331
3	0	0	0	0	610
4	0	0	0	0	330
5	0	0	0	0	619
6	0	0	0	0	327
7	0	0	0	0	613
8	0	0	0	0	329
9	0	0	0	0	617
10	0	0	0	0	326
11	0	0	0	0	621
12	0	0	0	0	323
13	0	0	0	0	613
14	0	0	0	0	336
15	0	0	0	0	617
0	0	0	0	0	327
1	0	0	0	0	621
2	0	0	0	0	326
3	0	0	0	0	614
4	0	0	0	0	320
5	0	0	0	0	608
6	0	0	0	0	322
7	0	0	0	0	613
8	0	0	0	0	326
9	0	0	0	0	608
10	0	0	0	0	336
11	0	0	0	0	617
12	0	0	0	0	324
13	0	0	0	0	608
14	0	0	0	0	325
15	0	0	0	0	611
0	0	0	0	0	329
1	0	0	0	0	617
2	0	0	0	0	322
3	0	0	0	0	613
4	0	0	0	0	327
5	0	0	0	0	609
6	0	0	0	0	326
7	0	0	0	0	616
8	0	0	0	0	331
9	0	0	0	0	611
10	0	0	0	0	325
11	0	0	0	0	617
12	0	0	0	0	328
13	0	0	0	0	613
14	0	0	0	0	332
15	0	0	0	0	612
0	0	0	0	0	327
1	0	0	0	0	612
2	0	0	0	0	323
3	0	0	0	0	617
4	0	0	0	0	329
5	0	0	0	0	607
6	0	0	0	0	326
7	0	0	0	0	613
8	0	0	0	0	329
9	0	0	0	0	611
10	0	0	0	0	323
11	0	0	0	0	617
12	0	0	0	0	325
13	0	0	0	0	610
14	0	0	0	0	333
15	0	0	0	0	611
0	0	0	0	0	324
1	0	0	0	0	609
2	0	0	0	0	330
3	0	0	0	0	609
4	0	0	0	0	328
5	0	0	0	0	614
6	0	0	0	0	328
7	0	0	0	0	611
8	0	0	0	0	330
9	0	0	0	0	613
10	0	0	0	0	323
11	0	0	0	0	616
12	0	0	0	0	328
13	0	0	0	0	614
14	0	0	0	0	325
15	0	0	0	0	607
0	0	0	0	0	328
1	0	0	0	0	616
2	0	0	0	0	323
3	0	0	0	0	618
4	0	0	0	0	321
5	0	0	0	0	616
6	0	0	0	0	328
7	0	0	0	0	610
8	0	0	0	0	327
9	0	0	0	0	612
10	0	0	0	0	328
11	0	0	0	0	616
12	0	0	0	0	329
13	0	0	0	0	619
14	0	0	0	0	321
15	0	0	0	0	619
0	0	0	0	0	327
1	0	0	0	0	617
2	0	0	0	0	330
3	0	0	0	0	616
4	0	0	0	0	328
5	0	0	0	0	613
6	0	0	0	0	329
7	0	0	0	0	613
8	0	0	0	0	325
9	0	0	0	0	610
10	0	0	0	0	329
11	0	0	0	0	607
12	0	0	0	0	325
13	0	0	0	0	613
14	0	0	0	0	319
15	0	0	0	0	610
0	0	0	0	0	324
1	0	0	0	0	609
2	0	0	0	0	325
3	0	0	0	0	617
4	0	0	0	0	333
5	0	0	0	0	614
6	0	0	0	0	327
7	0	0	0	0	613
8	0	0	0	0	320
9	0	0	0	0	613
10	0	0	0	0	322
11	0	0	0	0	618
12	0	0	0	0	328
13	0	0	0	0	616
14	0	0	0	0	325
15	0	0	0	0	610
0	0	0	0	0	324
1	0	0	0	0	607
2	0	0	0	0	326
3	0	0	0	0	608
4	0	0	0	0	326